 52 
 125 
 89 
 125 
 5 
 52 
 124 
 89 
 124 
 5 
 198 
 125 
 161 
 125 
 5 
 198 
 124 
 161 
 124 
 5 
 125 
 124 
 125 
 52 
 5 
 124 
 124 
 124 
 52 
 5 
 125 
 134 
 125 
 198 
 5 
 124 
 134 
 124 
 198 
 5 
 116 
 125 
 134 
 125 
 6 
 116 
 124 
 134 
 124 
 6 
 125 
 134 
 125 
 126 
 6 
 124 
 134 
 124 
 126 
 6 
 89 
 124 
 116 
 124 
 15 
 88 
 125 
 116 
 125 
 15 
 161 
 124 
 134 
 124 
 15 
 162 
 125 
 134 
 125 
 15 
 134 
 126 
 135 
 126 
 15 
 116 
 126 
 115 
 126 
 15 
 134 
 127 
 135 
 127 
 15 
 116 
 127 
 115 
 127 
 15 
 133 
 128 
 135 
 128 
 15 
 117 
 128 
 115 
 128 
 15 
 133 
 129 
 134 
 129 
 15 
 117 
 129 
 116 
 129 
 15 
 132 
 130 
 134 
 130 
 15 
 118 
 130 
 116 
 130 
 15 
 132 
 131 
 133 
 131 
 15 
 118 
 131 
 117 
 131 
 15 
 131 
 132 
 132 
 132 
 15 
 119 
 132 
 118 
 132 
 15 
 129 
 133 
 131 
 133 
 15 
 121 
 133 
 119 
 133 
 15 
 125 
 134 
 129 
 134 
 15 
 125 
 134 
 121 
 134 
 15 
 125 
 135 
 125 
 135 
 15 
 125 
 135 
 125 
 135 
 15 
