 193 
 219 
 257 
 219 
 5 
 193 
 218 
 257 
 218 
 5 
 447 
 219 
 383 
 219 
 5 
 447 
 218 
 383 
 218 
 5 
 320 
 218 
 320 
 92 
 5 
 319 
 218 
 319 
 92 
 5 
 320 
 234 
 320 
 332 
 5 
 319 
 234 
 319 
 332 
 5 
 305 
 219 
 335 
 219 
 6 
 305 
 218 
 335 
 218 
 6 
 320 
 234 
 320 
 220 
 6 
 319 
 234 
 319 
 220 
 6 
 257 
 218 
 305 
 218 
 15 
 256 
 219 
 305 
 219 
 15 
 257 
 220 
 305 
 220 
 15 
 383 
 218 
 335 
 218 
 15 
 384 
 219 
 335 
 219 
 15 
 383 
 220 
 335 
 220 
 15 
 335 
 221 
 337 
 221 
 15 
 305 
 221 
 303 
 221 
 15 
 335 
 222 
 337 
 222 
 15 
 305 
 222 
 303 
 222 
 15 
 335 
 223 
 337 
 223 
 15 
 305 
 223 
 303 
 223 
 15 
 334 
 224 
 336 
 224 
 15 
 306 
 224 
 304 
 224 
 15 
 334 
 225 
 336 
 225 
 15 
 306 
 225 
 304 
 225 
 15 
 334 
 226 
 336 
 226 
 15 
 306 
 226 
 304 
 226 
 15 
 333 
 227 
 335 
 227 
 15 
 307 
 227 
 305 
 227 
 15 
 332 
 228 
 335 
 228 
 15 
 308 
 228 
 305 
 228 
 15 
 331 
 229 
 334 
 229 
 15 
 309 
 229 
 306 
 229 
 15 
 331 
 230 
 333 
 230 
 15 
 309 
 230 
 307 
 230 
 15 
 329 
 231 
 332 
 231 
 15 
 311 
 231 
 308 
 231 
 15 
 328 
 232 
 331 
 232 
 15 
 312 
 232 
 309 
 232 
 15 
 326 
 233 
 330 
 233 
 15 
 314 
 233 
 310 
 233 
 15 
 323 
 234 
 328 
 234 
 15 
 317 
 234 
 312 
 234 
 15 
 320 
 235 
 326 
 235 
 15 
 320 
 235 
 314 
 235 
 15 
 320 
 236 
 323 
 236 
 15 
 320 
 236 
 317 
 236 
 15 
