 508           333 
 0 
-82 
 0 
-4 
-81 
 6 
-7 
-80 
 12 
-11 
-79 
 18 
-14 
-77 
 24 
-17 
-74 
 30 
-20 
-71 
 35 
-23 
-67 
 41 
-26 
-63 
 45 
-29 
-58 
 50 
-31 
-52 
 54 
-33 
-47 
 58 
-35 
-41 
 61 
-37 
-34 
 64 
-38 
-28 
 66 
-39 
-21 
 68 
-40 
-14 
 70 
-41 
-7 
 70 
-41 
 0 
 71 
-41 
 7 
 70 
-40 
 14 
 70 
-39 
 21 
 68 
-38 
 28 
 66 
-37 
 34 
 64 
-35 
 41 
 61 
-33 
 47 
 58 
-31 
 52 
 54 
-29 
 58 
 50 
-26 
 63 
 45 
-23 
 67 
 41 
-20 
 71 
 35 
-17 
 74 
 30 
-14 
 77 
 24 
-11 
 79 
 18 
-7 
 80 
 12 
-4 
 81 
 6 
 0 
 82 
 0 
 0 
-82 
 0 
-5 
-81 
 5 
-10 
-80 
 10 
-15 
-79 
 15 
-20 
-77 
 20 
-24 
-74 
 24 
-29 
-71 
 29 
-33 
-67 
 33 
-37 
-63 
 37 
-41 
-58 
 41 
-44 
-52 
 44 
-47 
-47 
 47 
-50 
-41 
 50 
-52 
-34 
 52 
-54 
-28 
 54 
-56 
-21 
 56 
-57 
-14 
 57 
-57 
-7 
 57 
-58 
 0 
 58 
-57 
 7 
 57 
-57 
 14 
 57 
-56 
 21 
 56 
-54 
 28 
 54 
-52 
 34 
 52 
-50 
 41 
 50 
-47 
 47 
 47 
-44 
 52 
 44 
-41 
 58 
 41 
-37 
 63 
 37 
-33 
 67 
 33 
-29 
 71 
 29 
-24 
 74 
 24 
-20 
 77 
 20 
-15 
 79 
 15 
-10 
 80 
 10 
-5 
 81 
 5 
 0 
 82 
 0 
 0 
-82 
 0 
-6 
-81 
 4 
-12 
-80 
 7 
-18 
-79 
 11 
-24 
-77 
 14 
-30 
-74 
 17 
-35 
-71 
 20 
-41 
-67 
 23 
-45 
-63 
 26 
-50 
-58 
 29 
-54 
-52 
 31 
-58 
-47 
 33 
-61 
-41 
 35 
-64 
-34 
 37 
-66 
-28 
 38 
-68 
-21 
 39 
-70 
-14 
 40 
-70 
-7 
 41 
-71 
 0 
 41 
-70 
 7 
 41 
-70 
 14 
 40 
-68 
 21 
 39 
-66 
 28 
 38 
-64 
 34 
 37 
-61 
 41 
 35 
-58 
 47 
 33 
-54 
 52 
 31 
-50 
 58 
 29 
-45 
 63 
 26 
-41 
 67 
 23 
-35 
 71 
 20 
-30 
 74 
 17 
-24 
 77 
 14 
-18 
 79 
 11 
-12 
 80 
 7 
-6 
 81 
 4 
 0 
 82 
 0 
 0 
-82 
 0 
-7 
-81 
 2 
-14 
-80 
 4 
-20 
-79 
 5 
-27 
-77 
 7 
-33 
-74 
 9 
-39 
-71 
 11 
-45 
-67 
 12 
-51 
-63 
 14 
-56 
-58 
 15 
-60 
-52 
 16 
-65 
-47 
 17 
-68 
-41 
 18 
-71 
-34 
 19 
-74 
-28 
 20 
-76 
-21 
 20 
-78 
-14 
 21 
-79 
-7 
 21 
-79 
 0 
 21 
-79 
 7 
 21 
-78 
 14 
 21 
-76 
 21 
 20 
-74 
 28 
 20 
-71 
 34 
 19 
-68 
 41 
 18 
-65 
 47 
 17 
-60 
 52 
 16 
-56 
 58 
 15 
-51 
 63 
 14 
-45 
 67 
 12 
-39 
 71 
 11 
-33 
 74 
 9 
-27 
 77 
 7 
-20 
 79 
 5 
-14 
 80 
 4 
-7 
 81 
 2 
 0 
 82 
 0 
 0 
-82 
 0 
-7 
-81 
 0 
-14 
-80 
 0 
-21 
-79 
 0 
-28 
-77 
 0 
-34 
-74 
 0 
-41 
-71 
 0 
-47 
-67 
 0 
-52 
-63 
 0 
-58 
-58 
 0 
-63 
-52 
 0 
-67 
-47 
 0 
-71 
-41 
 0 
-74 
-34 
 0 
-77 
-28 
 0 
-79 
-21 
 0 
-80 
-14 
 0 
-81 
-7 
 0 
-82 
 0 
 0 
-81 
 7 
 0 
-80 
 14 
 0 
-79 
 21 
 0 
-77 
 28 
 0 
-74 
 34 
 0 
-71 
 41 
 0 
-67 
 47 
 0 
-63 
 52 
 0 
-58 
 58 
 0 
-52 
 63 
 0 
-47 
 67 
 0 
-41 
 71 
 0 
-34 
 74 
 0 
-28 
 77 
 0 
-21 
 79 
 0 
-14 
 80 
 0 
-7 
 81 
 0 
 0 
 82 
 0 
 0 
-82 
 0 
-7 
-81 
-2 
-14 
-80 
-4 
-20 
-79 
-5 
-27 
-77 
-7 
-33 
-74 
-9 
-39 
-71 
-11 
-45 
-67 
-12 
-51 
-63 
-14 
-56 
-58 
-15 
-60 
-52 
-16 
-65 
-47 
-17 
-68 
-41 
-18 
-71 
-34 
-19 
-74 
-28 
-20 
-76 
-21 
-20 
-78 
-14 
-21 
-79 
-7 
-21 
-79 
 0 
-21 
-79 
 7 
-21 
-78 
 14 
-21 
-76 
 21 
-20 
-74 
 28 
-20 
-71 
 34 
-19 
-68 
 41 
-18 
-65 
 47 
-17 
-60 
 52 
-16 
-56 
 58 
-15 
-51 
 63 
-14 
-45 
 67 
-12 
-39 
 71 
-11 
-33 
 74 
-9 
-27 
 77 
-7 
-20 
 79 
-5 
-14 
 80 
-4 
-7 
 81 
-2 
 0 
 82 
 0 
 0 
-82 
 0 
-6 
-81 
-4 
-12 
-80 
-7 
-18 
-79 
-11 
-24 
-77 
-14 
-30 
-74 
-17 
-35 
-71 
-20 
-41 
-67 
-23 
-45 
-63 
-26 
-50 
-58 
-29 
-54 
-52 
-31 
-58 
-47 
-33 
-61 
-41 
-35 
-64 
-34 
-37 
-66 
-28 
-38 
-68 
-21 
-39 
-70 
-14 
-40 
-70 
-7 
-41 
-71 
 0 
-41 
-70 
 7 
-41 
-70 
 14 
-40 
-68 
 21 
-39 
-66 
 28 
-38 
-64 
 34 
-37 
-61 
 41 
-35 
-58 
 47 
-33 
-54 
 52 
-31 
-50 
 58 
-29 
-45 
 63 
-26 
-41 
 67 
-23 
-35 
 71 
-20 
-30 
 74 
-17 
-24 
 77 
-14 
-18 
 79 
-11 
-12 
 80 
-7 
-6 
 81 
-4 
 0 
 82 
 0 
 0 
-82 
 0 
-5 
-81 
-5 
-10 
-80 
-10 
-15 
-79 
-15 
-20 
-77 
-20 
-24 
-74 
-24 
-29 
-71 
-29 
-33 
-67 
-33 
-37 
-63 
-37 
-41 
-58 
-41 
-44 
-52 
-44 
-47 
-47 
-47 
-50 
-41 
-50 
-52 
-34 
-52 
-54 
-28 
-54 
-56 
-21 
-56 
-57 
-14 
-57 
-57 
-7 
-57 
-58 
 0 
-58 
-57 
 7 
-57 
-57 
 14 
-57 
-56 
 21 
-56 
-54 
 28 
-54 
-52 
 34 
-52 
-50 
 41 
-50 
-47 
 47 
-47 
-44 
 52 
-44 
-41 
 58 
-41 
-37 
 63 
-37 
-33 
 67 
-33 
-29 
 71 
-29 
-24 
 74 
-24 
-20 
 77 
-20 
-15 
 79 
-15 
-10 
 80 
-10 
-5 
 81 
-5 
 0 
 82 
 0 
 0 
-82 
 0 
-4 
-81 
-6 
-7 
-80 
-12 
-11 
-79 
-18 
-14 
-77 
-24 
-17 
-74 
-30 
-20 
-71 
-35 
-23 
-67 
-41 
-26 
-63 
-45 
-29 
-58 
-50 
-31 
-52 
-54 
-33 
-47 
-58 
-35 
-41 
-61 
-37 
-34 
-64 
-38 
-28 
-66 
-39 
-21 
-68 
-40 
-14 
-70 
-41 
-7 
-70 
-41 
 0 
-71 
-41 
 7 
-70 
-40 
 14 
-70 
-39 
 21 
-68 
-38 
 28 
-66 
-37 
 34 
-64 
-35 
 41 
-61 
-33 
 47 
-58 
-31 
 52 
-54 
-29 
 58 
-50 
-26 
 63 
-45 
-23 
 67 
-41 
-20 
 71 
-35 
-17 
 74 
-30 
-14 
 77 
-24 
-11 
 79 
-18 
-7 
 80 
-12 
-4 
 81 
-6 
 0 
 82 
 0 
-29 
 58 
 50 
-33 
 58 
 47 
-37 
 58 
 44 
-41 
 58 
 41 
-44 
 58 
 37 
-47 
 58 
 33 
-50 
 58 
 29 
-52 
 58 
 24 
-54 
 58 
 20 
-56 
 58 
 15 
-57 
 58 
 10 
-57 
 58 
 5 
-58 
 58 
 0 
-57 
 58 
-5 
-57 
 58 
-10 
-56 
 58 
-15 
-54 
 58 
-20 
-52 
 58 
-24 
-50 
 58 
-29 
-47 
 58 
-33 
-44 
 58 
-37 
-41 
 58 
-41 
-37 
 58 
-44 
-33 
 58 
-47 
-29 
 58 
-50 
-35 
 41 
 61 
-41 
 41 
 58 
-45 
 41 
 54 
-50 
 41 
 50 
-54 
 41 
 45 
-58 
 41 
 41 
-61 
 41 
 35 
-64 
 41 
 30 
-66 
 41 
 24 
-68 
 41 
 18 
-70 
 41 
 12 
-70 
 41 
 6 
-71 
 41 
 0 
-70 
 41 
-6 
-70 
 41 
-12 
-68 
 41 
-18 
-66 
 41 
-24 
-64 
 41 
-30 
-61 
 41 
-35 
-58 
 41 
-41 
-54 
 41 
-45 
-50 
 41 
-50 
-45 
 41 
-54 
-41 
 41 
-58 
-35 
 41 
-61 
-39 
 21 
 68 
-45 
 21 
 65 
-51 
 21 
 60 
-56 
 21 
 56 
-60 
 21 
 51 
-65 
 21 
 45 
-68 
 21 
 39 
-71 
 21 
 33 
-74 
 21 
 27 
-76 
 21 
 20 
-78 
 21 
 14 
-79 
 21 
 7 
-79 
 21 
 0 
-79 
 21 
-7 
-78 
 21 
-14 
-76 
 21 
-20 
-74 
 21 
-27 
-71 
 21 
-33 
-68 
 21 
-39 
-65 
 21 
-45 
-60 
 21 
-51 
-56 
 21 
-56 
-51 
 21 
-60 
-45 
 21 
-65 
-39 
 21 
-68 
-41 
 0 
 71 
-47 
 0 
 67 
-52 
 0 
 63 
-58 
 0 
 58 
-63 
 0 
 52 
-67 
 0 
 47 
-71 
 0 
 41 
-74 
 0 
 34 
-77 
 0 
 28 
-79 
 0 
 21 
-80 
 0 
 14 
-81 
 0 
 7 
-82 
 0 
 0 
-81 
 0 
-7 
-80 
 0 
-14 
-79 
 0 
-21 
-77 
 0 
-28 
-74 
 0 
-34 
-71 
 0 
-41 
-67 
 0 
-47 
-63 
 0 
-52 
-58 
 0 
-58 
-52 
 0 
-63 
-47 
 0 
-67 
-41 
 0 
-71 
-39 
-21 
 68 
-45 
-21 
 65 
-51 
-21 
 60 
-56 
-21 
 56 
-60 
-21 
 51 
-65 
-21 
 45 
-68 
-21 
 39 
-71 
-21 
 33 
-74 
-21 
 27 
-76 
-21 
 20 
-78 
-21 
 14 
-79 
-21 
 7 
-79 
-21 
 0 
-79 
-21 
-7 
-78 
-21 
-14 
-76 
-21 
-20 
-74 
-21 
-27 
-71 
-21 
-33 
-68 
-21 
-39 
-65 
-21 
-45 
-60 
-21 
-51 
-56 
-21 
-56 
-51 
-21 
-60 
-45 
-21 
-65 
-39 
-21 
-68 
-35 
-41 
 61 
-41 
-41 
 58 
-45 
-41 
 54 
-50 
-41 
 50 
-54 
-41 
 45 
-58 
-41 
 41 
-61 
-41 
 35 
-64 
-41 
 30 
-66 
-41 
 24 
-68 
-41 
 18 
-70 
-41 
 12 
-70 
-41 
 6 
-71 
-41 
 0 
-70 
-41 
-6 
-70 
-41 
-12 
-68 
-41 
-18 
-66 
-41 
-24 
-64 
-41 
-30 
-61 
-41 
-35 
-58 
-41 
-41 
-54 
-41 
-45 
-50 
-41 
-50 
-45 
-41 
-54 
-41 
-41 
-58 
-35 
-41 
-61 
-29 
-58 
 50 
-33 
-58 
 47 
-37 
-58 
 44 
-41 
-58 
 41 
-44 
-58 
 37 
-47 
-58 
 33 
-50 
-58 
 29 
-52 
-58 
 24 
-54 
-58 
 20 
-56 
-58 
 15 
-57 
-58 
 10 
-57 
-58 
 5 
-58 
-58 
 0 
-57 
-58 
-5 
-57 
-58 
-10 
-56 
-58 
-15 
-54 
-58 
-20 
-52 
-58 
-24 
-50 
-58 
-29 
-47 
-58 
-33 
-44 
-58 
-37 
-41 
-58 
-41 
-37 
-58 
-44 
-33 
-58 
-47 
-29 
-58 
-50 
 1 
 37 
 75 
 111 
 223 
 259 
 297 
 333 
 359 
 383 
 409 
 433 
 459 
 483 
 509 
 509 
 0 
 0 
 0 
 0 
 1 
 38 
 75 
 112 
 149 
 186 
 223 
 260 
 297 
 334 
 359 
 384 
 409 
 434 
 459 
 484 
 509 
 509 
 125 
 125 
 114 
 136 
 109 
 141 
 106 
 144 
 103 
 147 
 101 
 149 
 98 
 152 
 96 
 154 
 94 
 156 
 93 
 157 
 91 
 159 
 90 
 160 
 88 
 162 
 87 
 163 
 86 
 164 
 84 
 166 
 83 
 167 
 82 
 168 
 81 
 169 
 80 
 170 
 79 
 171 
 78 
 172 
 77 
 173 
 77 
 173 
 76 
 174 
 75 
 175 
 74 
 176 
 74 
 176 
 73 
 177 
 72 
 178 
 72 
 178 
 71 
 179 
 70 
 180 
 70 
 180 
 69 
 181 
 69 
 181 
 68 
 182 
 68 
 182 
 67 
 183 
 67 
 183 
 67 
 183 
 66 
 184 
 66 
 184 
 66 
 184 
 65 
 185 
 65 
 185 
 65 
 185 
 64 
 186 
 64 
 186 
 64 
 186 
 64 
 186 
 64 
 186 
 63 
 187 
 63 
 187 
 63 
 187 
 63 
 187 
 63 
 187 
 63 
 187 
 63 
 187 
 63 
 187 
 63 
 187 
 63 
 187 
 62 
 188 
 0 
 0 
 0 
 0 
 0 
 0 
 0 
 0 
 0 
 0 
 0 
 0 
 0 
 0 
 0 
 0 
 0 
 0 
 0 
 0 
 0 
 0 
 0 
 0 
 0 
 0 
 0 
 0 
 0 
 0 
 0 
 0 
 0 
 0 
 0 
 0 
 0 
 0 
 0 
 0 
 0 
 0 
 0 
 0 
 0 
 0 
 0 
 0 
 0 
 0 
 0 
 0 
 0 
 0 
 0 
 0 
 0 
 0 
 0 
 0 
 0 
 0 
 0 
 0 
 0 
 0 
 0 
 0 
 0 
 0 
 0 
 0 
 0 
 0 
 0 
 0 
 0 
 0 
 0 
 0 
 0 
 0 
 0 
 0 
 0 
 0 
 0 
 0 
 0 
 0 
 0 
 0 
 0 
 0 
