 100 
 45 
 20 
 46 
 21 
 47 
 21 
 49 
 20 
 50 
 19 
 49 
 17 
 48 
 16 
 45 
 17 
 43 
 15 
 44 
 13 
 45 
 13 
 47 
 13 
 48 
 13 
 48 
 16 
 75 
 12 
 73 
 10 
 72 
 10 
 71 
 10 
 70 
 10 
 67 
 17 
 68 
 18 
 72 
 18 
 73 
 17 
 73 
 16 
 73 
 16 
 73 
 15 
 72 
 14 
 70 
 14 
 91 
 26 
 92 
 28 
 93 
 29 
 94 
 29 
 95 
 29 
 100 
 24 
 99 
 23 
 96 
 21 
 95 
 22 
 94 
 23 
 94 
 24 
 96 
 26 
 111 
 43 
 113 
 44 
 112 
 44 
 105 
 46 
 112 
 47 
 114 
 49 
 114 
 50 
 114 
 51 
 114 
 52 
 112 
 53 
 111 
 52 
 110 
 49 
 109 
 48 
 106 
 49 
 106 
 50 
 107 
 54 
 116 
 68 
 116 
 70 
 115 
 70 
 108 
 68 
 113 
 79 
 115 
 74 
 115 
 74 
 113 
 73 
 112 
 73 
 110 
 77 
 109 
 77 
 107 
 77 
 106 
 76 
 106 
 74 
 107 
 73 
 108 
 72 
 105 
 94 
 105 
 95 
 104 
 94 
 99 
 89 
 99 
 101 
 101 
 99 
 101 
 97 
 100 
 96 
 98 
 96 
 96 
 98 
 96 
 99 
 98 
 101 
 98 
 94 
 97 
 93 
 95 
 93 
 93 
 95 
 94 
 97 
 93 
 96 
 86 
 108 
 84 
 110 
 83 
 110 
 82 
 110 
 81 
 110 
 80 
 108 
 81 
 107 
 84 
 106 
 85 
 105 
 84 
 102 
 83 
 102 
 79 
 104 
 77 
 111 
 76 
 113 
 76 
 112 
 74 
 105 
 60 
 114 
 59 
 115 
 58 
 115 
 56 
 114 
 55 
 113 
 56 
 111 
 57 
 110 
 60 
 111 
 61 
 111 
 62 
 109 
 62 
 108 
 57 
 106 
 48 
 111 
 50 
 104 
 48 
 112 
 53 
 109 
 53 
 108 
 48 
 107 
 34 
 105 
 33 
 105 
 32 
 104 
 31 
 103 
 31 
 101 
 33 
 99 
 34 
 100 
 36 
 102 
 37 
 102 
 39 
 100 
 39 
 99 
 36 
 96 
 29 
 100 
 26 
 96 
 26 
 96 
 30 
 95 
 31 
 95 
 33 
 93 
 23 
 84 
 24 
 83 
 24 
 82 
 23 
 80 
 22 
 79 
 20 
 80 
 19 
 81 
 20 
 84 
 18 
 86 
 16 
 85 
 16 
 84 
 16 
 82 
 16 
 81 
 19 
 81 
 15 
 77 
 14 
 74 
 14 
 73 
 21 
 71 
 22 
 75 
 22 
 72 
 22 
 76 
 16 
 78 
 17 
 62 
 19 
 60 
 19 
 59 
 19 
 58 
 19 
 57 
 16 
 57 
 15 
 59 
 16 
 57 
 12 
 60 
 11 
 58 
 11 
 57 
 13 
 55 
 14 
 56 
 16 
 57 
 19 
 53 
 21 
 51 
 21 
 50 
 21 
 49 
 21 
 48 
 18 
 48 
 17 
 50 
 18 
 48 
 14 
 51 
 13 
 49 
 13 
 48 
 15 
 46 
 16 
 47 
 18 
 48 
 23 
 30 
 25 
 28 
 26 
 28 
 30 
 32 
 28 
 35 
 30 
 33 
 27 
 35 
 23 
 31 
