-40 
 1.636332E-06 
-4.964209E-05 
 1.210012E-04 
-8.525202E-05 
 3.022505E-03 
-8.670452E-03 
 6.278235E-05 
-1.88953E-03 
 3.216117E-03 
-30 
 1.711755E-06 
-5.767119E-05 
 1.5407E-04 
-5.566983E-05 
 2.735958E-03 
-1.206331E-02 
 4.354141E-05 
-1.88662E-03 
 8.242573E-03 
-20 
 2.516407E-07 
-3.844399E-05 
 3.779121E-04 
-1.913137E-05 
 2.449067E-03 
-2.186192E-02 
 1.540751E-05 
-1.730067E-03 
 1.426178E-02 
-15 
 8.263698E-07 
-4.674222E-05 
 2.840583E-04 
-3.842176E-05 
 2.727328E-03 
-1.838143E-02 
 1.936622E-05 
-1.805586E-03 
 1.388904E-02 
-10 
 8.382937E-07 
-5.155525E-05 
 3.423077E-04 
-4.825893E-05 
 3.019748E-03 
-1.847051E-02 
 3.353175E-05 
-2.329304E-03 
 1.390598E-02 
-5 
 1.046118E-06 
-4.915242E-05 
 2.694729E-04 
-5.401977E-05 
 2.93797E-03 
-1.523073E-02 
 7.033476E-05 
-2.208262E-03 
 .0114057 
 0 
 9.115155E-07 
-5.092079E-05 
 1.81337E-04 
-6.333367E-05 
 3.090316E-03 
-9.563022E-03 
 7.492216E-05 
-2.889396E-03 
 7.381685E-03 
 5 
 1.047581E-06 
-4.985577E-05 
 1.643468E-04 
-6.244868E-05 
 2.857121E-03 
-7.430525E-03 
 7.528999E-05 
-2.362821E-03 
 4.821734E-03 
 10 
 7.630876E-07 
-4.124893E-05 
 1.661172E-05 
-4.421394E-05 
 2.217702E-03 
 1.57533E-03 
 5.950855E-06 
-8.76453E-04 
-9.591942E-03 
 15 
 1.348761E-06 
-5.048662E-05 
 9.945869E-05 
-6.286687E-05 
 2.388684E-03 
-5.023077E-04 
 6.151811E-05 
-1.504864E-03 
-6.263818E-03 
