 87            .499115      -1.408178 
 470           521 
-941.4988 
 369.2518 
 0 
 13776.75 
-8127.99 
 0 
 13926.75 
-7868.179 
 0 
-791.5033 
 629.062 
 0 
-50102.36 
 50553.5 
 0 
-65806.69 
 31955.17 
 0 
-65806.69 
 25863.38 
 0 
-20153.81 
 35483.03 
 0 
-19788.78 
 38690.4 
 0 
-19788.78 
 39010.89 
 0 
-50102.36 
 50873.99 
 0 
-65806.69 
 32596.16 
 0 
-50102.36 
 51194.48 
 0 
-1587691 
-1384436 
 0 
 1608011 
-1384436 
 0 
 1608011 
-473096.3 
 0 
-1587691 
 398157.8 
 0 
-1587691 
 399119.2 
 0 
 1608011 
-472134.8 
 0 
-1587691 
 1501578 
 0 
 1608011 
 1501578 
 0 
-2623 
 3417 
 0 
-1603 
-1804 
 0 
 11223 
-23449 
 0 
 25453 
-23449 
 0 
 38280 
-14230 
 0 
 12827 
 9820 
 0 
-1893 
-5562 
 0 
 5777 
-32178 
 0 
 33169 
-32178 
 0 
 41203 
-13579 
 0 
-74937 
-11977 
 0 
-74937 
 5019 
 0 
-8217 
 25052 
 0 
-5180 
 17846 
 0 
-5211 
 9019 
 0 
-12426 
-4008 
 0 
-20643 
-9820 
 0 
-5211 
-16234 
 0 
-38480 
-16434 
 0 
-44493 
-10823 
 0 
-22447 
 10210 
 0 
-26480 
 16434 
 0 
-20443 
 18438 
 0 
-15633 
 18038 
 0 
-11223 
 13628 
 0 
-15232 
 10422 
 0 
-7006.032 
 29068.3 
 0 
 3585.888 
 29068.3 
 0 
-8831.841 
 36124.02 
 0 
-8831.841 
 36444.51 
 0 
 3585.888 
 29388.79 
 0 
 3211.073 
 28418.31 
 0 
 159097.2 
-61578.95 
 0 
 159847.2 
-60279.9 
 0 
 3961.05 
 29717.36 
 0 
 4168.376 
 29965.14 
 0 
 160054.5 
-60032.12 
 0 
 160204.5 
-59772.3 
 0 
 4318.371 
 30224.95 
 0 
 60560.73 
-27367.67 
 0 
 58369.21 
-31216.02 
 0 
 40473.36 
-16145.55 
 0 
 80282.4 
-60077.43 
 0 
 147118.4 
-72261.02 
 0 
 401 
 21445 
 0 
 1804 
 20042 
 0 
-2405 
 12025 
 0 
-4008 
 12025 
 0 
-5010 
 9420 
 0 
 2605 
 8818 
 0 
 2004 
 13228 
 0 
-2205 
 16234 
 0 
-1203 
 20242 
 0 
-4610 
 11624 
 0 
 4681.652 
 6301.126 
 0 
 5777.416 
 14638.81 
 0 
 16368.64 
 10469.97 
 0 
-505 
 21149 
 0 
 4060 
 28652 
 0 
 16734 
 18487 
 0 
-1162.19 
 3896.212 
 0 
 1942.591 
 5019.158 
 0 
-4449.482 
 8867.51 
 0 
-4449.482 
 8547.018 
 0 
-5179.526 
-3959.513 
 0 
-5179.526 
-1072.638 
 0 
-9927.604 
 1491.298 
 0 
-9927.604 
 529.8222 
 0 
-5179.526 
 4057.682 
 0 
-5179.526 
 5339.65 
 0 
-6640.313 
 7906.033 
 0 
-7006.032 
 7585.541 
 0 
-26362.67 
 15920.78 
 0 
-25266.91 
-43081.57 
 0 
-46450.05 
 44782.2 
 0 
-49006.6 
 1811.791 
 0 
-13579.92 
 8226.525 
 0 
-3718.74 
 8226.525 
 0 
 31342.92 
-12617.69 
 0 
 4060.025 
 26667.04 
 0 
 5232.772 
 26102.28 
 0 
 5522.417 
 24833.26 
 0 
 4710.851 
 23815.59 
 0 
 3409.199 
 23815.59 
 0 
 2597.633 
 24833.26 
 0 
 2887.278 
 26102.28 
 0 
 10780.32 
 21053.5 
 0 
 11953.07 
 20488.73 
 0 
 12242.71 
 19219.72 
 0 
 11431.15 
 18202.04 
 0 
 10129.5 
 18202.04 
 0 
 9317.931 
 19219.72 
 0 
 9607.575 
 20488.73 
 0 
 4060.025 
 25667.04 
 0 
 4450.94 
 25478.79 
 0 
 4547.489 
 25055.78 
 0 
 4276.967 
 24716.56 
 0 
 3843.083 
 24716.56 
 0 
 3572.561 
 25055.78 
 0 
 3669.109 
 25478.79 
 0 
 10780.32 
 20053.5 
 0 
 11171.24 
 19865.24 
 0 
 11267.79 
 19442.24 
 0 
 10997.26 
 19103.01 
 0 
 10563.38 
 19103.01 
 0 
 10292.86 
 19442.24 
 0 
 10389.41 
 19865.24 
 0 
 2563.268 
 24356.33 
 0 
-3828.108 
 10469.97 
 0 
-175.7934 
 21148.96 
 0 
 2855.147 
 19835.19 
 0 
 10159.78 
 19835.19 
 0 
-2257.954 
 7262.603 
 0 
 408.6604 
 625.2359 
 0 
-3828.108 
 8226.525 
 0 
-1373.959 
-18.19479 
 0 
-1940.301 
 549.3942 
 0 
-1899.897 
 610.5568 
 0 
 6646.086 
-4162.573 
 0 
 6500.495 
-4487.958 
 0 
-1493.086 
 1200.894 
 0 
 13229.5 
-7298.847 
 0 
 13254.5 
-7255.545 
 0 
-1468.087 
 1244.195 
 0 
-2501.923 
 1289.717 
 0 
-1687.851 
 819.7315 
 0 
-1637.853 
 906.335 
 0 
-2451.925 
 1376.321 
 0 
-1877.852 
 481.9361 
 0 
-1947.135 
 521.9348 
 0 
-1522.148 
 1258.064 
 0 
-1452.865 
 1218.065 
 0 
 6580 
-4284.642 
 0 
 12642.24 
-7784.535 
 0 
 12682.24 
-7715.252 
 0 
 6620 
-4215.358 
 0 
-3379.803 
 10322.92 
 0 
-3379.803 
 10322.92 
-525 
-3327.708 
 10618.36 
-525 
-3327.708 
 10618.36 
 0 
-3362.438 
 10421.4 
 0 
-3362.438 
 10421.4 
-525 
-3345.073 
 10519.88 
-525 
-3345.073 
 10519.88 
 0 
-2948.176 
 9891.408 
 0 
-3932.984 
 10065.06 
 0 
-3759.335 
 11049.86 
 0 
-2774.528 
 10876.22 
 0 
 842.3657 
 591.3593 
 0 
 1188.779 
 391.3653 
 0 
 1488.77 
 910.9858 
 0 
 1142.357 
 1110.98 
 0 
 525 
-199.9987 
 0 
 524.9852 
 650.0013 
 0 
 374.9852 
 649.9987 
 0 
 375 
-200.0013 
 0 
 450.0013 
 525 
 0 
 1150.001 
 525.0125 
 0 
 1149.999 
 675.0125 
 0 
 449.9987 
 675 
 0 
-1893.201 
 1590.715 
 0 
-1806.599 
 1540.715 
 0 
-1806.599 
 1440.715 
 0 
-1893.201 
 1390.715 
 0 
-1979.804 
 1440.715 
 0 
-1979.804 
 1540.715 
 0 
-1893.201 
 1942.678 
 0 
-1769.564 
 1852.85 
 0 
-1816.789 
 1707.506 
 0 
-1969.613 
 1707.506 
 0 
-2016.838 
 1852.85 
 0 
-1893.201 
 1344.459 
 0 
-1807.2 
 1303.043 
 0 
-1785.959 
 1209.982 
 0 
-1845.474 
 1135.352 
 0 
-1940.928 
 1135.352 
 0 
-2000.443 
 1209.982 
 0 
-1979.203 
 1303.043 
 0 
-1454.161 
 742.723 
 0 
-1311.503 
 639.0756 
 0 
-1365.994 
 471.3705 
 0 
-1542.329 
 471.3705 
 0 
-1596.82 
 639.0756 
 0 
-1162.3 
 746.2395 
 0 
-1084.358 
 701.2395 
 0 
-1084.358 
 611.2395 
 0 
-1162.3 
 566.2395 
 0 
-1240.242 
 611.2395 
 0 
-1240.242 
 701.2395 
 0 
-2258.028 
 1892.678 
 0 
-2188.746 
 1852.678 
 0 
-2188.746 
 1772.678 
 0 
-2258.028 
 1732.678 
 0 
-2327.31 
 1772.678 
 0 
-2327.31 
 1852.678 
 0 
-46230 
 44626 
 0 
-24050 
 35808 
 0 
-23416 
 37144 
 0 
-29395 
 37946 
 0 
-28660 
 39382 
 0 
-34739 
 40351 
 0 
-34205 
 41152 
 0 
-40618 
 42489 
 0 
-39816 
 44092 
 0 
-45695 
 46764 
 0 
-5211 
 3106 
 0 
-6063 
 4058 
 0 
-7365 
 3056 
 0 
-8167 
 501 
 0 
-5211 
 1102 
 0 
-6614 
-301 
 0 
-6213 
-3056 
 0 
-9770 
-7516 
 0 
-9670 
-13428 
 0 
 11624 
 401 
 0 
 8618 
 2806 
 0 
 11023 
 3207 
 0 
 14630 
 802 
 0 
-1203 
-8618 
 0 
 5812 
-11624 
 0 
 11624 
-11223 
 0 
 2205 
-5612 
 0 
 4610 
-11023 
 0 
 4008 
-13829 
 0 
 8828 
-16234 
 0 
-3600 
 400 
 0 
-3514 
 500 
 0 
-3600 
 800 
 0 
-3556 
 850 
 0 
-3400 
 800 
 0 
-3356 
 850 
 0 
-3400 
 3200 
 0 
-3367 
 3240 
 0 
-3400 
 3900 
 0 
-3314 
 4000 
 0 
-4600 
 2200 
 0 
-4514 
 2300 
 0 
-4600 
 2600 
 0 
-4556 
 2650 
 0 
-4400 
 2600 
 0 
-4356 
 2650 
 0 
-4400 
 2400 
 0 
-4367 
 2440 
 0 
-4400 
 3100 
 0 
-4314 
 3200 
 0 
-4000 
 1800 
 0 
-3914 
 1900 
 0 
-4000 
 2200 
 0 
-3956 
 2250 
 0 
-3800 
 2200 
 0 
-3756 
 2250 
 0 
-3800 
 2000 
 0 
-3767 
 2040 
 0 
-4000 
 2700 
 0 
-3914 
 2800 
 0 
-3500 
 1450 
 0 
-3414 
 1550 
 0 
-3200 
 1850 
 0 
-3156 
 1900 
 0 
-3000 
 1850 
 0 
-2956 
 1900 
 0 
-3000 
 1650 
 0 
-2967 
 1690 
 0 
-3500 
 2650 
 0 
-3414 
 2750 
 0 
-3500 
 1800 
 0 
-3414 
 1900 
 0 
-3500 
 2000 
 0 
-3456 
 2150 
 0 
-3300 
 2000 
 0 
-3256 
 2150 
 0 
-3300 
 1800 
 0 
-3267 
 1840 
 0 
-3500 
 2300 
 0 
-3414 
 2400 
 0 
-3000 
 1000 
 0 
-2914 
 1100 
 0 
-3000 
 1700 
 0 
-2956 
 1750 
 0 
-2800 
 1700 
 0 
-2756 
 1750 
 0 
-2800 
 1500 
 0 
-2767 
 1540 
 0 
-3000 
 2400 
 0 
-2914 
 2500 
 0 
-50208.17 
 40828.41 
 0 
-43136.98 
 33757.46 
 0 
-42924.85 
 33969.6 
 0 
-49996.05 
 41040.54 
 0 
-23440.44 
 37536.25 
 0 
-23012.46 
 37225.3 
 0 
-23175.93 
 36722.19 
 0 
-23704.94 
 36722.19 
 0 
-23868.41 
 37225.3 
 0 
-45695 
 47114 
 0 
-45362.13 
 46872.16 
 0 
-45489.27 
 46480.84 
 0 
-45900.73 
 46480.84 
 0 
-46027.87 
 46872.16 
 0 
-34205 
 41770 
 0 
-33872.13 
 41528.16 
 0 
-33999.27 
 41136.84 
 0 
-34410.73 
 41136.84 
 0 
-34537.87 
 41528.16 
 0 
-28593 
 39632 
 0 
-28260.13 
 39390.16 
 0 
-28387.28 
 38998.84 
 0 
-28798.72 
 38998.84 
 0 
-28925.87 
 39390.16 
 0 
-39816 
 44442 
 0 
-39483.13 
 44200.16 
 0 
-39610.27 
 43808.84 
 0 
-40021.73 
 43808.84 
 0 
-40148.87 
 44200.16 
 0 
-34397.34 
-36666.83 
 0 
-27458.43 
-36666.83 
 0 
-30014.98 
-41156.17 
 0 
-30014.98 
-36666.83 
 0 
-34032.32 
-39874.2 
 0 
-30014.98 
-36025.85 
 0 
-30014.98 
-39553.71 
 0 
-33667.3 
-36025.85 
 0 
-14309.96 
-31216.02 
 0 
 7238.203 
-36987.32 
 0 
 7238.203 
-44684.03 
 0 
-14309.96 
-44684.03 
 0 
 7238.203 
-45325.01 
 0 
 7238.203 
-40835.68 
 0 
 28420.65 
-44684.03 
 0 
 28420.65 
-47250.41 
 0 
 1029.338 
-52060.24 
 0 
 4681.652 
-51098.76 
 0 
 10159.78 
-51098.76 
 0 
 13812.09 
-53021.71 
 0 
 13812.09 
-54944.66 
 0 
 10159.78 
-55588.1 
 0 
 2855.147 
-54624.17 
 0 
-800000 
 4400 
-42452.9 
-800000 
 4600 
-46261.99 
-800000 
 1000 
-50501.89 
-800000 
-4000 
-51218.18 
-800000 
-8000 
-52948.88 
-800000 
-13000 
-54305.54 
-800000 
-16000 
-53276.77 
-800000 
-18000 
-49676.97 
-800000 
-19000 
-39972.17 
-800000 
-18000 
-37036.71 
-800000 
 20000 
-34175.96 
-800000 
 22000 
-38347.52 
-800000 
 22000 
-37043.7 
-800000 
 18000 
-42260.04 
-800000 
-4000 
-43133.9 
-800000 
-20000 
-40881.16 
-800000 
-22000 
-37920.37 
-800000 
-22000 
-35447.26 
-800000 
-20000 
-33720.54 
-800000 
 4000 
-32876.37 
-900000 
 195600 
-38196.39 
-900000 
 195400 
-45434.72 
-900000 
 199000 
-50649.12 
-900000 
 204000 
-52155.27 
-900000 
 208000 
-52876.25 
-900000 
 213000 
-55682.5 
-900000 
 216000 
-52543.71 
-900000 
 218000 
-46057.66 
-900000 
 219000 
-40160.53 
-900000 
 218000 
-37855.3 
-900000 
 220000 
-34574.32 
-900000 
 222000 
-35418.43 
-900000 
 222000 
-40408.02 
-900000 
 218000 
-40310.99 
-900000 
 196000 
-38924.29 
-900000 
 180000 
-40555.28 
-900000 
 178000 
-37137.16 
-900000 
 178000 
-34954.5 
-900000 
 180000 
-33101.05 
-900000 
 204000 
-32903.18 
-800000 
 295600 
-41092.75 
-800000 
 295400 
-44325.6 
-800000 
 299000 
-53111.61 
-800000 
 304000 
-51737.41 
-800000 
 308000 
-55096.02 
-800000 
 313000 
-55499.62 
-800000 
 316000 
-50538.04 
-800000 
 318000 
-49112.66 
-800000 
 319000 
-41756.66 
-800000 
 318000 
-40158.56 
-800000 
 280000 
-36078.82 
-800000 
 278000 
-35054.71 
-800000 
 278000 
-38424.81 
-800000 
 282000 
-42358.64 
-800000 
 304000 
-38862.27 
-800000 
 320000 
-39373.54 
-800000 
 322000 
-39160.78 
-800000 
 322000 
-35323.44 
-800000 
 320000 
-37049.75 
-800000 
 296000 
-32765.43 
-700000 
 395600 
-41228.76 
-700000 
 395400 
-45916.47 
-700000 
 399000 
-49217.29 
-700000 
 404000 
-55160.48 
-700000 
 408000 
-56481.49 
-700000 
 413000 
-55754.23 
-700000 
 416000 
-53416.17 
-700000 
 418000 
-48927.35 
-700000 
 419000 
-38840.29 
-700000 
 418000 
-38699.57 
-700000 
 420000 
-37326.49 
-700000 
 422000 
-37556.19 
-700000 
 422000 
-36561.87 
-700000 
 418000 
-37898.04 
-700000 
 396000 
-41767.39 
-700000 
 380000 
-38963.24 
-700000 
 378000 
-39851.5 
-700000 
 378000 
-36746.77 
-700000 
 380000 
-36668.31 
-700000 
 404000 
-34119.13 
-68944 
 107002 
-25551.1 
-62516.13 
 104662.4 
-25551.1 
-59095.92 
 98738.48 
-25551.1 
-60283.75 
 92002 
-25551.1 
-65523.8 
 87605.08 
-25551.1 
-72364.2 
 87605.07 
-25551.1 
-77604.26 
 92002 
-25551.1 
-78792.08 
 98738.48 
-25551.1 
-75371.88 
 104662.4 
-25551.1 
-122000 
 120000 
-24427.39 
-113001 
 116724.6 
-24427.39 
-108212.7 
 108431.1 
-24427.39 
-109875.6 
 99000 
-24427.39 
-117211.7 
 92844.3 
-24427.39 
-126788.3 
 92844.3 
-24427.39 
-134124.4 
 99000 
-24427.39 
-135787.3 
 108431.1 
-24427.39 
-130999 
 116724.6 
-24427.39 
-60000 
 153000 
-26323.22 
-54857.7 
 151128.4 
-26323.22 
-52121.54 
 146389.2 
-26323.22 
-53071.8 
 141000 
-26323.22 
-57263.84 
 137482.5 
-26323.22 
-62736.16 
 137482.5 
-26323.22 
-66928.2 
 141000 
-26323.22 
-67878.46 
 146389.2 
-26323.22 
-65142.3 
 151128.4 
-26323.22 
-11223 
 27257 
 0 
-21378 
 30998 
 0 
-61996 
 20576 
 0 
-63599 
 14697 
 0 
-35808 
 18973 
 0 
 1 
 2 
 3 
 4 
 5 
 6 
 7 
 8 
 9 
 5 
 9 
 10 
 11 
 5 
 6 
 12 
 13 
 14 
 15 
 16 
 17 
 16 
 17 
 18 
 19 
 20 
 21 
 16 
 17 
 22 
 23 
 24 
 25 
 26 
 27 
 22 
 23 
 28 
 23 
 24 
 29 
 28 
 24 
 25 
 30 
 29 
 25 
 26 
 31 
 30 
 32 
 33 
 34 
 35 
 36 
 37 
 38 
 36 
 39 
 38 
 39 
 40 
 41 
 38 
 42 
 43 
 44 
 45 
 46 
 47 
 9 
 8 
 48 
 49 
 50 
 9 
 50 
 51 
 10 
 50 
 51 
 52 
 49 
 53 
 54 
 55 
 56 
 57 
 58 
 59 
 60 
 31 
 61 
 62 
 63 
 61 
 62 
 64 
 65 
 66 
 67 
 68 
 69 
 70 
 71 
 72 
 73 
 74 
 34 
 75 
 76 
 77 
 78 
 79 
 80 
 81 
 31 
 26 
 82 
 83 
 84 
 85 
 86 
 87 
 88 
 89 
 90 
 91 
 92 
 93 
 94 
 95 
 94 
 96 
 97 
 98 
 98 
 99 
 99 
 100 
 101 
 102 
 103 
 104 
 105 
 106 
 107 
 108 
 109 
 110 
 111 
 112 
 113 
 114 
 115 
 116 
 117 
 118 
 119 
 120 
 121 
 122 
 123 
 124 
 125 
 126 
 127 
 128 
 129 
 130 
 131 
 132 
 132 
 133 
 134 
 135 
 130 
 136 
 137 
 138 
 139 
 140 
 141 
 142 
 143 
 144 
 145 
 146 
 147 
 148 
 149 
 150 
 151 
 152 
 153 
 154 
 155 
 156 
 157 
 158 
 159 
 160 
 161 
 162 
 163 
 164 
 165 
 166 
 167 
 168 
 169 
 170 
 171 
 172 
 173 
 174 
 175 
 176 
 177 
 178 
 179 
 180 
 181 
 182 
 183 
 184 
 185 
 186 
 187 
 188 
 189 
 190 
 191 
 192 
 193 
 194 
 195 
 196 
 197 
 198 
 199 
 200 
 201 
 202 
 203 
 204 
 205 
 206 
 207 
 208 
 209 
 210 
 211 
 212 
 213 
 214 
 215 
 216 
 217 
 218 
 218 
 219 
 220 
 221 
 222 
 223 
 224 
 225 
 226 
 217 
 227 
 228 
 228 
 229 
 229 
 230 
 231 
 232 
 233 
 234 
 234 
 235 
 236 
 237 
 238 
 239 
 240 
 241 
 241 
 242 
 243 
 244 
 244 
 245 
 245 
 246 
 247 
 248 
 249 
 250 
 251 
 252 
 253 
 254 
 255 
 256 
 257 
 258 
 259 
 260 
 261 
 262 
 263 
 264 
 265 
 266 
 267 
 268 
 269 
 270 
 271 
 272 
 273 
 274 
 275 
 276 
 277 
 278 
 279 
 280 
 281 
 282 
 283 
 284 
 285 
 286 
 287 
 288 
 289 
 290 
 291 
 292 
 293 
 294 
 295 
 296 
 297 
 298 
 299 
 300 
 301 
 302 
 303 
 304 
 305 
 306 
 307 
 308 
 309 
 310 
 311 
 312 
 313 
 314 
 315 
 316 
 317 
 318 
 319 
 320 
 321 
 322 
 323 
 324 
 325 
 326 
 327 
 328 
 329 
 330 
 331 
 332 
 333 
 334 
 335 
 336 
 337 
 338 
 339 
 340 
 341 
 342 
 343 
 344 
 345 
 346 
 347 
 348 
 349 
 350 
 351 
 352 
 353 
 354 
 355 
 356 
 357 
 358 
 359 
 360 
 361 
 362 
 363 
 364 
 365 
 366 
 367 
 368 
 369 
 370 
 371 
 372 
 373 
 374 
 375 
 376 
 377 
 378 
 379 
 380 
 381 
 382 
 383 
 384 
 385 
 386 
 387 
 388 
 389 
 390 
 391 
 392 
 393 
 394 
 395 
 396 
 397 
 398 
 399 
 400 
 401 
 402 
 403 
 404 
 405 
 406 
 407 
 408 
 409 
 410 
 411 
 412 
 413 
 414 
 415 
 416 
 417 
 418 
 419 
 420 
 421 
 422 
 423 
 424 
 425 
 426 
 427 
 428 
 429 
 430 
 431 
 432 
 433 
 434 
 435 
 436 
 437 
 438 
 439 
 440 
 441 
 442 
 443 
 444 
 445 
 446 
 447 
 448 
 449 
 450 
 451 
 452 
 453 
 454 
 455 
 456 
 457 
 458 
 459 
 460 
 461 
 462 
 463 
 464 
 465 
 466 
 467 
 468 
 469 
 470 
 0 
 1 
 5 
 10 
 14 
 18 
 22 
 26 
 30 
 36 
 39 
 43 
 47 
 51 
 58 
 61 
 65 
 71 
 76 
 80 
 84 
 88 
 92 
 96 
 100 
 104 
 108 
 111 
 114 
 119 
 123 
 127 
 131 
 141 
 148 
 155 
 162 
 169 
 179 
 184 
 188 
 192 
 196 
 200 
 204 
 208 
 212 
 216 
 220 
 224 
 230 
 235 
 242 
 247 
 253 
 259 
 269 
 271 
 281 
 291 
 297 
 307 
 317 
 327 
 337 
 347 
 357 
 361 
 366 
 371 
 376 
 381 
 386 
 394 
 398 
 402 
 409 
 419 
 429 
 439 
 449 
 459 
 469 
 479 
 489 
 498 
 507 
 516 
 0 
 0 
 0 
 0 
 0 
 0 
 0 
 0 
 0 
 0 
 0 
 0 
 0 
 0 
 0 
 0 
 0 
 0 
 0 
 0 
 0 
 0 
 0 
 0 
 0 
 0 
 0 
 0 
 0 
 0 
 0 
 2 
 3 
 3 
 0 
 0 
 2 
 0 
 0 
 0 
 0 
 0 
 0 
 0 
 0 
 0 
 0 
 0 
 0 
 0 
 0 
 0 
 0 
 0 
 2 
 2 
 2 
 2 
 2 
 2 
 2 
 2 
 2 
 2 
 2 
 0 
 0 
 0 
 0 
 0 
 0 
 2 
 0 
 0 
 0 
 0 
 0 
 0 
 0 
 0 
 0 
 0 
 0 
 0 
 0 
 0 
 0 
 4 
 5 
 4 
 4 
 4 
 4 
 4 
 6 
 3 
 4 
 4 
 4 
 7 
 3 
 4 
 6 
 5 
 4 
 4 
 4 
 4 
 4 
 4 
 4 
 4 
 3 
 3 
 5 
 4 
 4 
 4 
 10 
 7 
 7 
 7 
 7 
 10 
 5 
 4 
 4 
 4 
 4 
 4 
 4 
 4 
 4 
 4 
 4 
 6 
 5 
 7 
 5 
 6 
 6 
 10 
 2 
 10 
 10 
 6 
 10 
 10 
 10 
 10 
 10 
 10 
 4 
 5 
 5 
 5 
 5 
 5 
 8 
 4 
 4 
 7 
 10 
 10 
 10 
 10 
 10 
 10 
 10 
 10 
 9 
 9 
 9 
 5 
 7 
 6 
 5 
 5 
 6 
 5 
 3 
 6 
 4 
 4 
 4 
 4 
 6 
 4 
 4 
 4 
 4 
 5 
 5 
 6 
 5 
 4 
 6 
 4 
 6 
 4 
 4 
 4 
 6 
 3 
 3 
 7 
 7 
 7 
 7 
 7 
 7 
 2 
 2 
 2 
 2 
 2 
 15 
 8 
 7 
 7 
 7 
 7 
 4 
 4 
 4 
 4 
 4 
 4 
 7 
 7 
 2 
 2 
 2 
 2 
 2 
 2 
 2 
 2 
 2 
 7 
 7 
 7 
 7 
 7 
 7 
 7 
 7 
 7 
 2 
 15 
 15 
 15 
 15 
 15 
 15 
 15 
 15 
 15 
 15 
 15 
 2 
 3 
 5 
 4 
 4 
 5 
 4 
 7 
 6 
 5 
 5 
 5 
 5 
 5 
 6 
 6 
 4 
 5 
 5 
 5 
 3 
 2 
 5 
 5 
 6 
 5 
 5 
 5 
 4 
 5 
 2 
 2 
 5 
 4 
 4 
 4 
 4 
 5 
 2 
 2 
 2 
 2 
 2 
 3 
 2 
 4 
 3 
 1 
 1 
 2 
 2 
 2 
 2 
 2 
 2 
 1 
 1 
 1 
 1 
 1 
 1 
 1 
 1 
 1 
 1 
 1 
 3 
 4 
 4 
 4 
 4 
 4 
 5 
 4 
 4 
 4 
 5 
 4 
 5 
 4 
 5 
 4 
 5 
 4 
 4 
 4 
 4 
 2 
 100000        0 
 100000        0 
 100000        0 
 100000        0 
 100000        0 
 100000        0 
 100000        0 
 100000        0 
 100000        0 
 100000        0 
 100000        0 
 100000        0 
 100000        0 
 100000        0 
 100000        0 
 100000        2000 
 100000        0 
 100000        0 
 100000        0 
 100000        0 
 100000        0 
 100000        0 
 100000        0 
 100000        0 
 100000        0 
 100000        0 
 100000        0 
 100000        0 
 100000        0 
 100000        0 
 100000        0 
 100000        0 
 100000        2000 
 100000        2000 
 100000        2000 
 100000        2000 
 100000        0 
 100000        0 
 100000        0 
 100000        0 
 100000        0 
 100000        0 
 100000        0 
 100000        0 
 100000        0 
 100000        0 
 100000        0 
 100000        0 
 1000          100 
 1000          100 
 1000          100 
 1000          100 
 1000          100 
 1000          100 
 40000         15000 
 40000         15000 
 20000         300 
 20000         300 
 20000         300 
 1800          100 
 1800          100 
 1700          100 
 1600          100 
 1400          100 
 1200          100 
 100000        10000 
 100000        15000 
 100000        15000 
 100000        15000 
 100000        15000 
 100000        15000 
 100000        20000 
 100000        20000 
 100000        20000 
 100000        20000 
 100000        15000 
 100000        15000 
 100000        15000 
 100000        15000 
 100000        15000 
 100000        15000 
 100000        15000 
 100000        15000 
 100000        15000 
 100000        15000 
 100000        15000 
 100000        0 
 0 
 0 
 0 
 0 
 0 
 0 
 0 
 0 
 0 
 0 
 0 
 0 
 0 
 0 
 0 
 1 
 0 
 0 
 0 
 0 
 0 
 0 
 0 
 0 
 0 
 0 
 0 
 0 
 0 
 0 
 0 
 0 
 0 
 0 
 0 
 0 
 0 
 0 
 0 
 0 
 0 
 0 
 0 
 0 
 0 
 0 
 0 
 0 
 0 
 0 
 0 
 0 
 0 
 0 
 0 
 0 
 0 
 0 
 0 
 0 
 0 
 0 
 0 
 0 
 0 
 0 
 0 
 0 
 0 
 0 
 0 
 0 
 0 
 0 
 0 
 0 
 0 
 0 
 0 
 0 
 0 
 0 
 0 
 0 
 0 
 0 
 0 
