 87            .4991149827413406          -1.408177926779834 
-.8278858 
-.4668384 
 0 
 0 
 3 
 0 
 369.2518 
-941.4988 
 0 
-8127.99 
 13776.75 
 0 
-7868.179 
 13926.75 
 0 
 629.062 
-791.5033 
 0 
 0 
 0 
 0 
 0 
 0 
 0 
 0 
 0 
 0 
 0 
 0 
 0 
 0 
 0 
 0 
 0 
 0 
 0 
 4 
 7 
 3 
 1 
 100000 
 0 
 0 
 0 
 0 
 0 
 0 
 0 
 0 
 0 
 36124.74 
-46450.1 
 0 
 0 
 1 
 0 
 50553.5 
-50102.36 
 0 
 31955.17 
-65806.69 
 0 
 25863.38 
-65806.69 
 0 
 35483.03 
-20153.81 
 0 
 38690.4 
-19788.78 
 0 
 0 
 0 
 0 
 0 
 0 
 0 
 0 
 0 
 0 
 0 
 0 
 0 
 0 
 0 
 0 
 5 
 6 
 5 
 1 
 100000 
 0 
 0 
 0 
 0 
 0 
 0 
 0 
 0 
 0 
 36124.74 
-46450.1 
 0 
 0 
 1 
 0 
 50553.5 
-50102.36 
 0 
 38690.4 
-19788.78 
 0 
 39010.89 
-19788.78 
 0 
 50873.99 
-50102.36 
 0 
 38690.4 
-19788.78 
 0 
 0 
 0 
 0 
 0 
 0 
 0 
 0 
 0 
 0 
 0 
 0 
 0 
 0 
 0 
 0 
 4 
 5 
 4 
 1 
 100000 
 0 
 0 
 0 
 0 
 0 
 0 
 0 
 0 
 0 
 36124.74 
-46450.1 
 0 
 0 
 1 
 0 
 50553.5 
-50102.36 
 0 
 31955.17 
-65806.69 
 0 
 32596.16 
-65806.69 
 0 
 51194.48 
-50102.36 
 0 
 38690.4 
-19788.78 
 0 
 0 
 0 
 0 
 0 
 0 
 0 
 0 
 0 
 0 
 0 
 0 
 0 
 0 
 0 
 0 
 4 
 5 
 4 
 1 
 100000 
 0 
 0 
 0 
 0 
 0 
 0 
 0 
 0 
 0 
-69698.16 
-35492.82 
 0 
 0 
 1 
 0 
-1384436 
-1587691 
 0 
-1384436 
 1608011 
 0 
-473096.3 
 1608011 
 0 
 398157.8 
-1587691 
 0 
 38690.4 
-19788.78 
 0 
 0 
 0 
 0 
 0 
 0 
 0 
 0 
 0 
 0 
 0 
 0 
 0 
 0 
 0 
 0 
 4 
 6 
 5 
 1 
 100000 
 0 
 0 
 0 
 0 
 0 
 0 
 0 
 0 
 0 
-69698.16 
-35492.82 
 0 
 0 
 1 
 0 
-473096.3 
 1608011 
 0 
 398157.8 
-1587691 
 0 
 399119.2 
-1587691 
 0 
-472134.8 
 1608011 
 0 
 38690.4 
-19788.78 
 0 
 0 
 0 
 0 
 0 
 0 
 0 
 0 
 0 
 0 
 0 
 0 
 0 
 0 
 0 
 0 
 4 
 5 
 4 
 1 
 100000 
 0 
 0 
 0 
 0 
 0 
 0 
 0 
 0 
 0 
-69698.16 
-35492.82 
 0 
 0 
 1 
 0 
 1501578 
-1587691 
 0 
 1501578 
 1608011 
 0 
-473096.3 
 1608011 
 0 
 398157.8 
-1587691 
 0 
 38690.4 
-19788.78 
 0 
 0 
 0 
 0 
 0 
 0 
 0 
 0 
 0 
 0 
 0 
 0 
 0 
 0 
 0 
 0 
 4 
 3 
 7 
 1 
 100000 
 0 
 0 
 0 
 0 
 0 
 0 
 0 
 0 
 0 
-80.717 
 28.633 
 0 
 0 
 1 
 0 
 3417 
-2623 
 0 
-1804 
-1603 
 0 
-23449 
 11223 
 0 
-23449 
 25453 
 0 
-14230 
 38280 
 0 
 9820 
 12827 
 0 
 0 
 0 
 0 
 0 
 0 
 0 
 0 
 0 
 0 
 0 
 0 
 0 
 6 
 6 
 6 
 1 
 100000 
 0 
 0 
 0 
 0 
 0 
 0 
 0 
 0 
 0 
-80.717 
 28.633 
 0 
 0 
 1 
 0 
 3417 
-2623 
 0 
-1804 
-1603 
 0 
-5562 
-1893 
 0 
-23449 
 25453 
 0 
-14230 
 38280 
 0 
 9820 
 12827 
 0 
 0 
 0 
 0 
 0 
 0 
 0 
 0 
 0 
 0 
 0 
 0 
 0 
 3 
 4 
 5 
 1 
 100000 
 0 
 0 
 0 
 0 
 0 
 0 
 0 
 0 
 0 
-80.717 
 28.633 
 0 
 0 
 1 
 0 
-1804 
-1603 
 0 
-23449 
 11223 
 0 
-32178 
 5777 
 0 
-5562 
-1893 
 0 
-14230 
 38280 
 0 
 9820 
 12827 
 0 
 0 
 0 
 0 
 0 
 0 
 0 
 0 
 0 
 0 
 0 
 0 
 0 
 4 
 4 
 5 
 1 
 100000 
 0 
 0 
 0 
 0 
 0 
 0 
 0 
 0 
 0 
-80.717 
 28.633 
 0 
 0 
 1 
 0 
-23449 
 11223 
 0 
-23449 
 25453 
 0 
-32178 
 33169 
 0 
-32178 
 5777 
 0 
-14230 
 38280 
 0 
 9820 
 12827 
 0 
 0 
 0 
 0 
 0 
 0 
 0 
 0 
 0 
 0 
 0 
 0 
 0 
 4 
 4 
 5 
 1 
 100000 
 0 
 0 
 0 
 0 
 0 
 0 
 0 
 0 
 0 
-80.717 
 28.633 
 0 
 0 
 1 
 0 
-23449 
 25453 
 0 
-14230 
 38280 
 0 
-13579 
 41203 
 0 
-32178 
 33169 
 0 
-14230 
 38280 
 0 
 9820 
 12827 
 0 
 0 
 0 
 0 
 0 
 0 
 0 
 0 
 0 
 0 
 0 
 0 
 0 
 4 
 4 
 5 
 1 
 100000 
 0 
 0 
 0 
 0 
 0 
 0 
 0 
 0 
 0 
-80.683 
 28.5 
 0 
 0 
 1 
 0 
-11977 
-74937 
 0 
 5019 
-74937 
 0 
 25052 
-8217 
 0 
 17846 
-5180 
 0 
 9019 
-5211 
 0 
-4008 
-12426 
 0 
-9820 
-20643 
 0 
 0 
 0 
 0 
 0 
 0 
 0 
 0 
 0 
 0 
 7 
 6 
 5 
 1 
 100000 
 0 
 0 
 0 
 0 
 0 
 0 
 0 
 0 
 0 
-80.683 
 28.5 
 0 
 0 
 1 
 0 
 9019 
-5211 
 0 
-16234 
-5211 
 0 
-9820 
-20643 
 0 
 17846 
-5180 
 0 
 9019 
-5211 
 0 
-4008 
-12426 
 0 
-9820 
-20643 
 0 
 0 
 0 
 0 
 0 
 0 
 0 
 0 
 0 
 0 
 3 
 4 
 6 
 1 
 100000 
 0 
 0 
 0 
 0 
 0 
 0 
 0 
 0 
 0 
-80.683 
 28.5 
 0 
 0 
 1 
 0 
-16234 
-5211 
 0 
-16434 
-38480 
 0 
-10823 
-44493 
 0 
-9820 
-20643 
 0 
 9019 
-5211 
 0 
-4008 
-12426 
 0 
-9820 
-20643 
 0 
 0 
 0 
 0 
 0 
 0 
 0 
 0 
 0 
 0 
 4 
 4 
 6 
 1 
 100000 
 0 
 0 
 0 
 0 
 0 
 0 
 0 
 0 
 0 
-80.683 
 28.5 
 0 
 0 
 1 
 0 
 10210 
-22447 
 0 
 16434 
-26480 
 0 
 18438 
-20443 
 0 
 18038 
-15633 
 0 
 13628 
-11223 
 0 
 10422 
-15232 
 0 
-9820 
-20643 
 0 
 0 
 0 
 0 
 0 
 0 
 0 
 0 
 0 
 0 
 6 
 4 
 4 
 1 
 100000 
 2000 
 1 
 0 
 0 
 0 
 0 
 0 
 0 
 0 
 35483 
-11023.23 
 0 
 0 
 1 
 0 
 38690.4 
-19788.78 
 0 
 35483.03 
-20153.81 
 0 
 29068.3 
-7006.032 
 0 
 29068.3 
 3585.888 
 0 
 36124.02 
-8831.841 
 0 
 10422 
-15232 
 0 
-9820 
-20643 
 0 
 0 
 0 
 0 
 0 
 0 
 0 
 0 
 0 
 0 
 5 
 4 
 5 
 1 
 100000 
 0 
 0 
 0 
 0 
 0 
 0 
 0 
 0 
 0 
 35483 
-11023.23 
 0 
 0 
 1 
 0 
 38690.4 
-19788.78 
 0 
 36124.02 
-8831.841 
 0 
 36444.51 
-8831.841 
 0 
 39010.89 
-19788.78 
 0 
 36124.02 
-8831.841 
 0 
 10422 
-15232 
 0 
-9820 
-20643 
 0 
 0 
 0 
 0 
 0 
 0 
 0 
 0 
 0 
 0 
 4 
 5 
 5 
 1 
 100000 
 0 
 0 
 0 
 0 
 0 
 0 
 0 
 0 
 0 
 35483 
-11023.23 
 0 
 0 
 1 
 0 
 36124.02 
-8831.841 
 0 
 36444.51 
-8831.841 
 0 
 29388.79 
 3585.888 
 0 
 29068.3 
 3585.888 
 0 
 36124.02 
-8831.841 
 0 
 10422 
-15232 
 0 
-9820 
-20643 
 0 
 0 
 0 
 0 
 0 
 0 
 0 
 0 
 0 
 0 
 4 
 5 
 5 
 1 
 100000 
 0 
 0 
 0 
 0 
 0 
 0 
 0 
 0 
 0 
 29067.83 
 3586.062 
 0 
 0 
 3 
 0 
 28418.31 
 3211.073 
 0 
-61578.95 
 159097.2 
 0 
-60279.9 
 159847.2 
 0 
 29717.36 
 3961.05 
 0 
 36124.02 
-8831.841 
 0 
 10422 
-15232 
 0 
-9820 
-20643 
 0 
 0 
 0 
 0 
 0 
 0 
 0 
 0 
 0 
 0 
 4 
 6 
 3 
 1 
 100000 
 0 
 0 
 0 
 0 
 0 
 0 
 0 
 0 
 0 
 30095.05 
 4243.374 
 0 
 0 
 3 
 0 
 29965.14 
 4168.376 
 0 
-60032.12 
 160054.5 
 0 
-59772.3 
 160204.5 
 0 
 30224.95 
 4318.371 
 0 
 36124.02 
-8831.841 
 0 
 10422 
-15232 
 0 
-9820 
-20643 
 0 
 0 
 0 
 0 
 0 
 0 
 0 
 0 
 0 
 0 
 4 
 5 
 2 
 1 
 100000 
 0 
 0 
 0 
 0 
 0 
 0 
 0 
 0 
 0 
-21596.44 
 49604.14 
 0 
 0 
 1 
 0 
-13579.17 
 41203.4 
 0 
-27367.67 
 60560.73 
 0 
-31216.02 
 58369.21 
 0 
-16145.55 
 40473.36 
 0 
 36124.02 
-8831.841 
 0 
 10422 
-15232 
 0 
-9820 
-20643 
 0 
 0 
 0 
 0 
 0 
 0 
 0 
 0 
 0 
 0 
 4 
 4 
 5 
 1 
 100000 
 0 
 0 
 0 
 0 
 0 
 0 
 0 
 0 
 0 
-51098.77 
 86126.73 
 0 
 0 
 1 
 0 
-27367.67 
 60560.73 
 0 
-31216.02 
 58369.21 
 0 
-60077.43 
 80282.4 
 0 
-72261.02 
 147118.4 
 0 
 36124.02 
-8831.841 
 0 
 10422 
-15232 
 0 
-9820 
-20643 
 0 
 0 
 0 
 0 
 0 
 0 
 0 
 0 
 0 
 0 
 4 
 6 
 5 
 1 
 100000 
 0 
 0 
 0 
 0 
 0 
 0 
 0 
 0 
 0 
-80.635 
 28.592 
 0 
 0 
 1 
 0 
 21445 
 401 
 0 
 20042 
 1804 
 0 
 12025 
-2405 
 0 
 12025 
-4008 
 0 
 36124.02 
-8831.841 
 0 
 10422 
-15232 
 0 
-9820 
-20643 
 0 
 0 
 0 
 0 
 0 
 0 
 0 
 0 
 0 
 0 
 4 
 4 
 6 
 1 
 100000 
 0 
 0 
 0 
 0 
 0 
 0 
 0 
 0 
 0 
-80.635 
 28.592 
 0 
 0 
 1 
 0 
 9420 
-5010 
 0 
 8818 
 2605 
 0 
 13228 
 2004 
 0 
 16234 
-2205 
 0 
 36124.02 
-8831.841 
 0 
 10422 
-15232 
 0 
-9820 
-20643 
 0 
 0 
 0 
 0 
 0 
 0 
 0 
 0 
 0 
 0 
 4 
 6 
 5 
 1 
 100000 
 0 
 0 
 0 
 0 
 0 
 0 
 0 
 0 
 0 
-80.635 
 28.592 
 0 
 0 
 1 
 0 
 20242 
-1203 
 0 
 25052 
-8217 
 0 
 11624 
-4610 
 0 
 16234 
-2205 
 0 
 36124.02 
-8831.841 
 0 
 10422 
-15232 
 0 
-9820 
-20643 
 0 
 0 
 0 
 0 
 0 
 0 
 0 
 0 
 0 
 0 
 3 
 4 
 5 
 1 
 100000 
 0 
 0 
 0 
 0 
 0 
 0 
 0 
 0 
 0 
 10470.64 
 10159.8 
 0 
 0 
 1 
 0 
 6301.126 
 4681.652 
 0 
 14638.81 
 5777.416 
 0 
 10469.97 
 16368.64 
 0 
 16234 
-2205 
 0 
 36124.02 
-8831.841 
 0 
 10422 
-15232 
 0 
-9820 
-20643 
 0 
 0 
 0 
 0 
 0 
 0 
 0 
 0 
 0 
 0 
 3 
 4 
 5 
 1 
 100000 
 0 
 0 
 0 
 0 
 0 
 0 
 0 
 0 
 0 
-80.628 
 28.627 
 0 
 0 
 1 
 0 
 21149 
-505 
 0 
 28652 
 4060 
 0 
 18487 
 16734 
 0 
-13579 
 41203 
 0 
-14230 
 38280 
 0 
 10422 
-15232 
 0 
-9820 
-20643 
 0 
 0 
 0 
 0 
 0 
 0 
 0 
 0 
 0 
 0 
 5 
 4 
 4 
 1 
 100000 
 0 
 0 
 0 
 0 
 0 
 0 
 0 
 0 
 0 
-11015.47 
 13081.54 
 0 
 0 
 1 
 0 
 3896.212 
-1162.19 
 0 
 5019.158 
 1942.591 
 0 
 8867.51 
-4449.482 
 0 
 8547.018 
-4449.482 
 0 
-14230 
 38280 
 0 
 10422 
-15232 
 0 
-9820 
-20643 
 0 
 0 
 0 
 0 
 0 
 0 
 0 
 0 
 0 
 0 
 4 
 6 
 5 
 1 
 100000 
 0 
 0 
 0 
 0 
 0 
 0 
 0 
 0 
 0 
-11015.47 
 13081.54 
 0 
 0 
 1 
 0 
-3959.513 
-5179.526 
 0 
-1072.638 
-5179.526 
 0 
 1491.298 
-9927.604 
 0 
 529.8222 
-9927.604 
 0 
-14230 
 38280 
 0 
 10422 
-15232 
 0 
-9820 
-20643 
 0 
 0 
 0 
 0 
 0 
 0 
 0 
 0 
 0 
 0 
 4 
 3 
 2 
 1 
 100000 
 0 
 0 
 0 
 0 
 0 
 0 
 0 
 0 
 0 
-11015.47 
 13081.54 
 0 
 0 
 1 
 0 
 4057.682 
-5179.526 
 0 
 5339.65 
-5179.526 
 0 
 7906.033 
-6640.313 
 0 
 7585.541 
-7006.032 
 0 
-14230 
 38280 
 0 
 10422 
-15232 
 0 
-9820 
-20643 
 0 
 0 
 0 
 0 
 0 
 0 
 0 
 0 
 0 
 0 
 4 
 3 
 2 
 1 
 100000 
 0 
 0 
 0 
 0 
 0 
 0 
 0 
 0 
 0 
 17525.35 
 10890.71 
 0 
 0 
 10 
 0 
 15920.78 
-26362.67 
 0 
-43081.57 
-25266.91 
 0 
 15920.78 
-26362.67 
 0 
 44782.2 
-46450.05 
 0 
 1811.791 
-49006.6 
 0 
 8226.525 
-13579.92 
 0 
 8226.525 
-13579.92 
 0 
 8226.525 
-3718.74 
 0 
 8226.525 
-3718.74 
 0 
-12617.69 
 31342.92 
 0 
 5 
 7 
 5 
 1 
 100000 
 0 
 0 
 0 
 0 
 0 
 0 
 0 
 0 
 0 
 25167.04 
 4060.025 
 0 
 1500 
 1 
 0 
 26667.04 
 4060.025 
 0 
 26102.28 
 5232.772 
 0 
 24833.26 
 5522.417 
 0 
 23815.59 
 4710.851 
 0 
 23815.59 
 3409.199 
 0 
 24833.26 
 2597.633 
 0 
 26102.28 
 2887.278 
 0 
 26667.04 
 4060.025 
 0 
 8226.525 
-3718.74 
 0 
-12617.69 
 31342.92 
 0 
 7 
 7 
 4 
 0 
 100000 
 2000 
 0 
 0 
 0 
 0 
 0 
 0 
 0 
 0 
 19553.5 
 10780.32 
 0 
 1500 
 1 
 0 
 21053.5 
 10780.32 
 0 
 20488.73 
 11953.07 
 0 
 19219.72 
 12242.71 
 0 
 18202.04 
 11431.15 
 0 
 18202.04 
 10129.5 
 0 
 19219.72 
 9317.931 
 0 
 20488.73 
 9607.575 
 0 
 21053.5 
 10780.32 
 0 
 8226.525 
-3718.74 
 0 
-12617.69 
 31342.92 
 0 
 7 
 7 
 4 
 0 
 100000 
 2000 
 0 
 0 
 0 
 0 
 0 
 0 
 0 
 0 
 25167.04 
 4060.025 
 0 
 500 
 1 
 0 
 25667.04 
 4060.025 
 0 
 25478.79 
 4450.94 
 0 
 25055.78 
 4547.489 
 0 
 24716.56 
 4276.967 
 0 
 24716.56 
 3843.083 
 0 
 25055.78 
 3572.561 
 0 
 25478.79 
 3669.109 
 0 
 25667.04 
 4060.025 
 0 
 8226.525 
-3718.74 
 0 
-12617.69 
 31342.92 
 0 
 7 
 7 
 4 
 1 
 100000 
 2000 
 0 
 0 
 0 
 0 
 0 
 0 
 0 
 0 
 19553.5 
 10780.32 
 0 
 500 
 1 
 0 
 20053.5 
 10780.32 
 0 
 19865.24 
 11171.24 
 0 
 19442.24 
 11267.79 
 0 
 19103.01 
 10997.26 
 0 
 19103.01 
 10563.38 
 0 
 19442.24 
 10292.86 
 0 
 19865.24 
 10389.41 
 0 
 20053.5 
 10780.32 
 0 
 8226.525 
-3718.74 
 0 
-12617.69 
 31342.92 
 0 
 7 
 7 
 4 
 1 
 100000 
 2000 
 0 
 0 
 0 
 0 
 0 
 0 
 0 
 0 
 17525.35 
 10890.71 
 0 
 500 
 10 
 0 
 24356.33 
 2563.268 
 0 
 10469.97 
-3828.108 
 0 
 21148.96 
-175.7934 
 0 
 19835.19 
 2855.147 
 0 
 19835.19 
 2855.147 
 0 
 19835.19 
 10159.78 
 0 
 7262.603 
-2257.954 
 0 
 625.2359 
 408.6604 
 0 
 10469.97 
-3828.108 
 0 
 8226.525 
-3828.108 
 0 
 5 
 7 
 5 
 1 
 100000 
 0 
 0 
 0 
 0 
 0 
 0 
 0 
 0 
 0 
 10470.64 
 10159.8 
 0 
 500 
 1 
 0 
-18.19479 
-1373.959 
 0 
 549.3942 
-1940.301 
 0 
 610.5568 
-1899.897 
 0 
-4162.573 
 6646.086 
 0 
-4487.958 
 6500.495 
 0 
 19835.19 
 10159.78 
 0 
 7262.603 
-2257.954 
 0 
 625.2359 
 408.6604 
 0 
 10469.97 
-3828.108 
 0 
 8226.525 
-3828.108 
 0 
 5 
 2 
 2 
 1 
 100000 
 0 
 0 
 0 
 0 
 0 
 0 
 0 
 0 
 0 
 222.575 
 251.482 
 0 
 500 
 3 
 0 
 1200.894 
-1493.086 
 0 
-7298.847 
 13229.5 
 0 
-7255.545 
 13254.5 
 0 
 1244.195 
-1468.087 
 0 
-4487.958 
 6500.495 
 0 
 19835.19 
 10159.78 
 0 
 7262.603 
-2257.954 
 0 
 625.2359 
 408.6604 
 0 
 10469.97 
-3828.108 
 0 
 8226.525 
-3828.108 
 0 
 4 
 2 
 2 
 1 
 100000 
 0 
 0 
 0 
 0 
 0 
 0 
 0 
 0 
 0 
 1333.019 
-2476.924 
 0 
 500 
 3 
 0 
 1289.717 
-2501.923 
 0 
 819.7315 
-1687.851 
 0 
 906.335 
-1637.853 
 0 
 1376.321 
-2451.925 
 0 
-4487.958 
 6500.495 
 0 
 19835.19 
 10159.78 
 0 
 7262.603 
-2257.954 
 0 
 625.2359 
 408.6604 
 0 
 10469.97 
-3828.108 
 0 
 8226.525 
-3828.108 
 0 
 4 
 2 
 2 
 1 
 100000 
 0 
 0 
 0 
 0 
 0 
 0 
 0 
 0 
 0 
 870 
-1700 
 0 
 500 
 3 
 0 
 481.9361 
-1877.852 
 0 
 521.9348 
-1947.135 
 0 
 1258.064 
-1522.148 
 0 
 1218.065 
-1452.865 
 0 
-4487.958 
 6500.495 
 0 
 19835.19 
 10159.78 
 0 
 7262.603 
-2257.954 
 0 
 625.2359 
 408.6604 
 0 
 10469.97 
-3828.108 
 0 
 8226.525 
-3828.108 
 0 
 4 
 2 
 2 
 1 
 100000 
 0 
 0 
 0 
 0 
 0 
 0 
 0 
 0 
 0 
-4250 
 6600 
 0 
 500 
 3 
 0 
-4284.642 
 6580 
 0 
-7784.535 
 12642.24 
 0 
-7715.252 
 12682.24 
 0 
-4215.358 
 6620 
 0 
-4487.958 
 6500.495 
 0 
 19835.19 
 10159.78 
 0 
 7262.603 
-2257.954 
 0 
 625.2359 
 408.6604 
 0 
 10469.97 
-3828.108 
 0 
 8226.525 
-3828.108 
 0 
 4 
 2 
 2 
 1 
 100000 
 0 
 0 
 0 
 0 
 0 
 0 
 0 
 0 
 0 
 10470.64 
-3353.756 
 0 
 500 
 3 
 0 
 10322.92 
-3379.803 
 0 
 10322.92 
-3379.803 
 525 
 10618.36 
-3327.708 
 525 
 10618.36 
-3327.708 
 0 
-4487.958 
 6500.495 
 0 
 19835.19 
 10159.78 
 0 
 7262.603 
-2257.954 
 0 
 625.2359 
 408.6604 
 0 
 10469.97 
-3828.108 
 0 
 8226.525 
-3828.108 
 0 
 4 
 15 
 3 
 1 
 100000 
 0 
 0 
 0 
 0 
 0 
 0 
 0 
 0 
 0 
 10470.64 
-3353.756 
 262.5 
 500 
 3 
 0 
 10421.4 
-3362.438 
 0 
 10421.4 
-3362.438 
 525 
 10519.88 
-3345.073 
 525 
 10519.88 
-3345.073 
 0 
-4487.958 
 6500.495 
 0 
 19835.19 
 10159.78 
 0 
 7262.603 
-2257.954 
 0 
 625.2359 
 408.6604 
 0 
 10469.97 
-3828.108 
 0 
 8226.525 
-3828.108 
 0 
 4 
 8 
 2 
 1 
 100000 
 0 
 0 
 0 
 0 
 0 
 0 
 0 
 0 
 0 
 10470.64 
-3353.756 
 262.5 
 500 
 3 
 0 
 9891.408 
-2948.176 
 0 
 10065.06 
-3932.984 
 0 
 11049.86 
-3759.335 
 0 
 10876.22 
-2774.528 
 0 
-4487.958 
 6500.495 
 0 
 19835.19 
 10159.78 
 0 
 7262.603 
-2257.954 
 0 
 625.2359 
 408.6604 
 0 
 10469.97 
-3828.108 
 0 
 8226.525 
-3828.108 
 0 
 4 
 7 
 4 
 1 
 100000 
 0 
 0 
 0 
 0 
 0 
 0 
 0 
 0 
 0 
 851.1695 
 992.3611 
 0 
 500 
 3 
 0 
 591.3593 
 842.3657 
 0 
 391.3653 
 1188.779 
 0 
 910.9858 
 1488.77 
 0 
 1110.98 
 1142.357 
 0 
-4487.958 
 6500.495 
 0 
 19835.19 
 10159.78 
 0 
 7262.603 
-2257.954 
 0 
 625.2359 
 408.6604 
 0 
 10469.97 
-3828.108 
 0 
 8226.525 
-3828.108 
 0 
 4 
 7 
 3 
 1 
 100000 
 0 
 0 
 0 
 0 
 0 
 0 
 0 
 0 
 0 
-200 
 450 
 0 
 500 
 3 
 0 
-199.9987 
 525 
 0 
 650.0013 
 524.9852 
 0 
 649.9987 
 374.9852 
 0 
-200.0013 
 375 
 0 
-4487.958 
 6500.495 
 0 
 19835.19 
 10159.78 
 0 
 7262.603 
-2257.954 
 0 
 625.2359 
 408.6604 
 0 
 10469.97 
-3828.108 
 0 
 8226.525 
-3828.108 
 0 
 4 
 7 
 1 
 1 
 100000 
 0 
 0 
 0 
 0 
 0 
 0 
 0 
 0 
 0 
 600 
 450 
 0 
 500 
 3 
 0 
 525 
 450.0013 
 0 
 525.0125 
 1150.001 
 0 
 675.0125 
 1149.999 
 0 
 675 
 449.9987 
 0 
-4487.958 
 6500.495 
 0 
 19835.19 
 10159.78 
 0 
 7262.603 
-2257.954 
 0 
 625.2359 
 408.6604 
 0 
 10469.97 
-3828.108 
 0 
 8226.525 
-3828.108 
 0 
 4 
 7 
 1 
 1 
 100000 
 0 
 0 
 0 
 0 
 0 
 0 
 0 
 0 
 0 
 1490.715 
-1893.201 
 0 
 100 
 1 
 0 
 1590.715 
-1893.201 
 0 
 1540.715 
-1806.599 
 0 
 1440.715 
-1806.599 
 0 
 1390.715 
-1893.201 
 0 
 1440.715 
-1979.804 
 0 
 1540.715 
-1979.804 
 0 
 1590.715 
-1893.201 
 0 
 625.2359 
 408.6604 
 0 
 10469.97 
-3828.108 
 0 
 8226.525 
-3828.108 
 0 
 6 
 4 
 2 
 1 
 1000 
 100 
 0 
 0 
 0 
 0 
 0 
 0 
 0 
 0 
 1812.678 
-1893.201 
 0 
 130 
 1 
 0 
 1942.678 
-1893.201 
 0 
 1852.85 
-1769.564 
 0 
 1707.506 
-1816.789 
 0 
 1707.506 
-1969.613 
 0 
 1852.85 
-2016.838 
 0 
 1942.678 
-1893.201 
 0 
 1590.715 
-1893.201 
 0 
 625.2359 
 408.6604 
 0 
 10469.97 
-3828.108 
 0 
 8226.525 
-3828.108 
 0 
 5 
 4 
 2 
 1 
 1000 
 100 
 0 
 0 
 0 
 0 
 0 
 0 
 0 
 0 
 1234.459 
-1893.201 
 0 
 110 
 1 
 0 
 1344.459 
-1893.201 
 0 
 1303.043 
-1807.2 
 0 
 1209.982 
-1785.959 
 0 
 1135.352 
-1845.474 
 0 
 1135.352 
-1940.928 
 0 
 1209.982 
-2000.443 
 0 
 1303.043 
-1979.203 
 0 
 1344.459 
-1893.201 
 0 
 10469.97 
-3828.108 
 0 
 8226.525 
-3828.108 
 0 
 7 
 4 
 2 
 1 
 1000 
 100 
 0 
 0 
 0 
 0 
 0 
 0 
 0 
 0 
 592.723 
-1454.161 
 0 
 150 
 1 
 0 
 742.723 
-1454.161 
 0 
 639.0756 
-1311.503 
 0 
 471.3705 
-1365.994 
 0 
 471.3705 
-1542.329 
 0 
 639.0756 
-1596.82 
 0 
 742.723 
-1454.161 
 0 
 1303.043 
-1979.203 
 0 
 1344.459 
-1893.201 
 0 
 10469.97 
-3828.108 
 0 
 8226.525 
-3828.108 
 0 
 5 
 4 
 2 
 1 
 1000 
 100 
 0 
 0 
 0 
 0 
 0 
 0 
 0 
 0 
 656.2395 
-1162.3 
 0 
 90 
 1 
 0 
 746.2395 
-1162.3 
 0 
 701.2395 
-1084.358 
 0 
 611.2395 
-1084.358 
 0 
 566.2395 
-1162.3 
 0 
 611.2395 
-1240.242 
 0 
 701.2395 
-1240.242 
 0 
 746.2395 
-1162.3 
 0 
 1344.459 
-1893.201 
 0 
 10469.97 
-3828.108 
 0 
 8226.525 
-3828.108 
 0 
 6 
 4 
 2 
 1 
 1000 
 100 
 0 
 0 
 0 
 0 
 0 
 0 
 0 
 0 
 1812.678 
-2258.028 
 0 
 80 
 1 
 0 
 1892.678 
-2258.028 
 0 
 1852.678 
-2188.746 
 0 
 1772.678 
-2188.746 
 0 
 1732.678 
-2258.028 
 0 
 1772.678 
-2327.31 
 0 
 1852.678 
-2327.31 
 0 
 1892.678 
-2258.028 
 0 
 1344.459 
-1893.201 
 0 
 10469.97 
-3828.108 
 0 
 8226.525 
-3828.108 
 0 
 6 
 4 
 2 
 1 
 1000 
 100 
 0 
 0 
 0 
 0 
 0 
 0 
 0 
 0 
-80.628 
 28.627 
 0 
 80 
 10 
 0 
 44626 
-46230 
 0 
 35808 
-24050 
 0 
 35808 
-24050 
 0 
 37144 
-23416 
 0 
 37946 
-29395 
 0 
 39382 
-28660 
 0 
 40351 
-34739 
 0 
 41152 
-34205 
 0 
 42489 
-40618 
 0 
 44092 
-39816 
 0 
 5 
 7 
 1 
 1 
 40000 
 15000 
 0 
 0 
 0 
 0 
 0 
 0 
 0 
 0 
-80.628 
 28.627 
 0 
 80 
 10 
 0 
 46764 
-45695 
 0 
 44626 
-46230 
 0 
 35808 
-24050 
 0 
 37144 
-23416 
 0 
 37946 
-29395 
 0 
 39382 
-28660 
 0 
 40351 
-34739 
 0 
 41152 
-34205 
 0 
 42489 
-40618 
 0 
 44092 
-39816 
 0 
 1 
 7 
 1 
 1 
 40000 
 15000 
 0 
 0 
 0 
 0 
 0 
 0 
 0 
 0 
-80.628 
 28.627 
 0 
 80 
 10 
 0 
 3106 
-5211 
 0 
 4058 
-6063 
 0 
 4058 
-6063 
 0 
 3056 
-7365 
 0 
 3056 
-7365 
 0 
 501 
-8167 
 0 
 1102 
-5211 
 0 
-301 
-6614 
 0 
-3056 
-6213 
 0 
-7516 
-9770 
 0 
 5 
 2 
 1 
 1 
 20000 
 300 
 0 
 0 
 0 
 0 
 0 
 0 
 0 
 0 
-80.628 
 28.627 
 0 
 80 
 10 
 0 
-7516 
-9770 
 0 
-13428 
-9670 
 0 
 401 
 11624 
 0 
 2806 
 8618 
 0 
 3207 
 11023 
 0 
 802 
 14630 
 0 
-8618 
-1203 
 0 
-11624 
 5812 
 0 
-11624 
 5812 
 0 
-11223 
 11624 
 0 
 5 
 2 
 1 
 1 
 20000 
 300 
 0 
 0 
 0 
 0 
 0 
 0 
 0 
 0 
-80.628 
 28.627 
 0 
 80 
 10 
 0 
-5612 
 2205 
 0 
-11023 
 4610 
 0 
-11023 
 4610 
 0 
-13829 
 4008 
 0 
-13829 
 4008 
 0 
-16234 
 8828 
 0 
-8618 
-1203 
 0 
-11624 
 5812 
 0 
-11624 
 5812 
 0 
-11223 
 11624 
 0 
 3 
 2 
 1 
 1 
 20000 
 300 
 0 
 0 
 0 
 0 
 0 
 0 
 0 
 0 
-80.628 
 28.627 
 0 
 80 
 10 
 0 
 400 
-3600 
 0 
 500 
-3514 
 0 
 800 
-3600 
 0 
 850 
-3556 
 0 
 800 
-3400 
 0 
 850 
-3356 
 0 
 3200 
-3400 
 0 
 3240 
-3367 
 0 
 3900 
-3400 
 0 
 4000 
-3314 
 0 
 5 
 2 
 1 
 1 
 1800 
 100 
 0 
 0 
 0 
 0 
 0 
 0 
 0 
 0 
-80.628 
 28.627 
 0 
 80 
 10 
 0 
 2200 
-4600 
 0 
 2300 
-4514 
 0 
 2600 
-4600 
 0 
 2650 
-4556 
 0 
 2600 
-4400 
 0 
 2650 
-4356 
 0 
 2400 
-4400 
 0 
 2440 
-4367 
 0 
 3100 
-4400 
 0 
 3200 
-4314 
 0 
 5 
 2 
 1 
 1 
 1800 
 100 
 0 
 0 
 0 
 0 
 0 
 0 
 0 
 0 
-80.628 
 28.627 
 0 
 80 
 10 
 0 
 1800 
-4000 
 0 
 1900 
-3914 
 0 
 2200 
-4000 
 0 
 2250 
-3956 
 0 
 2200 
-3800 
 0 
 2250 
-3756 
 0 
 2000 
-3800 
 0 
 2040 
-3767 
 0 
 2700 
-4000 
 0 
 2800 
-3914 
 0 
 5 
 2 
 1 
 1 
 1700 
 100 
 0 
 0 
 0 
 0 
 0 
 0 
 0 
 0 
-80.628 
 28.627 
 0 
 80 
 10 
 0 
 1450 
-3500 
 0 
 1550 
-3414 
 0 
 1850 
-3200 
 0 
 1900 
-3156 
 0 
 1850 
-3000 
 0 
 1900 
-2956 
 0 
 1650 
-3000 
 0 
 1690 
-2967 
 0 
 2650 
-3500 
 0 
 2750 
-3414 
 0 
 5 
 2 
 1 
 1 
 1600 
 100 
 0 
 0 
 0 
 0 
 0 
 0 
 0 
 0 
-80.628 
 28.627 
 0 
 80 
 10 
 0 
 1800 
-3500 
 0 
 1900 
-3414 
 0 
 2000 
-3500 
 0 
 2150 
-3456 
 0 
 2000 
-3300 
 0 
 2150 
-3256 
 0 
 1800 
-3300 
 0 
 1840 
-3267 
 0 
 2300 
-3500 
 0 
 2400 
-3414 
 0 
 5 
 2 
 1 
 1 
 1400 
 100 
 0 
 0 
 0 
 0 
 0 
 0 
 0 
 0 
-80.628 
 28.627 
 0 
 80 
 10 
 0 
 1000 
-3000 
 0 
 1100 
-2914 
 0 
 1700 
-3000 
 0 
 1750 
-2956 
 0 
 1700 
-2800 
 0 
 1750 
-2756 
 0 
 1500 
-2800 
 0 
 1540 
-2767 
 0 
 2400 
-3000 
 0 
 2500 
-2914 
 0 
 5 
 2 
 1 
 1 
 1200 
 100 
 0 
 0 
 0 
 0 
 0 
 0 
 0 
 0 
 40934.47 
-50102.11 
 0 
 80 
 3 
 0 
 40828.41 
-50208.17 
 0 
 33757.46 
-43136.98 
 0 
 33969.6 
-42924.85 
 0 
 41040.54 
-49996.05 
 0 
 1700 
-2800 
 0 
 1750 
-2756 
 0 
 1500 
-2800 
 0 
 1540 
-2767 
 0 
 2400 
-3000 
 0 
 2500 
-2914 
 0 
 4 
 7 
 3 
 1 
 100000 
 10000 
 0 
 0 
 0 
 0 
 0 
 0 
 0 
 0 
 37086.25 
-23440.44 
 0 
 450 
 1 
 0 
 37536.25 
-23440.44 
 0 
 37225.3 
-23012.46 
 0 
 36722.19 
-23175.93 
 0 
 36722.19 
-23704.94 
 0 
 37225.3 
-23868.41 
 0 
 37536.25 
-23440.44 
 0 
 1500 
-2800 
 0 
 1540 
-2767 
 0 
 2400 
-3000 
 0 
 2500 
-2914 
 0 
 5 
 7 
 4 
 1 
 100000 
 15000 
 0 
 0 
 0 
 0 
 0 
 0 
 0 
 0 
 46764 
-45695 
 0 
 350 
 1 
 0 
 47114 
-45695 
 0 
 46872.16 
-45362.13 
 0 
 46480.84 
-45489.27 
 0 
 46480.84 
-45900.73 
 0 
 46872.16 
-46027.87 
 0 
 47114 
-45695 
 0 
 1500 
-2800 
 0 
 1540 
-2767 
 0 
 2400 
-3000 
 0 
 2500 
-2914 
 0 
 5 
 7 
 4 
 1 
 100000 
 15000 
 0 
 0 
 0 
 0 
 0 
 0 
 0 
 0 
 41420 
-34205 
 0 
 350 
 1 
 0 
 41770 
-34205 
 0 
 41528.16 
-33872.13 
 0 
 41136.84 
-33999.27 
 0 
 41136.84 
-34410.73 
 0 
 41528.16 
-34537.87 
 0 
 41770 
-34205 
 0 
 1500 
-2800 
 0 
 1540 
-2767 
 0 
 2400 
-3000 
 0 
 2500 
-2914 
 0 
 5 
 7 
 4 
 1 
 100000 
 15000 
 0 
 0 
 0 
 0 
 0 
 0 
 0 
 0 
 39282 
-28593 
 0 
 350 
 1 
 0 
 39632 
-28593 
 0 
 39390.16 
-28260.13 
 0 
 38998.84 
-28387.28 
 0 
 38998.84 
-28798.72 
 0 
 39390.16 
-28925.87 
 0 
 39632 
-28593 
 0 
 1500 
-2800 
 0 
 1540 
-2767 
 0 
 2400 
-3000 
 0 
 2500 
-2914 
 0 
 5 
 7 
 4 
 1 
 100000 
 15000 
 0 
 0 
 0 
 0 
 0 
 0 
 0 
 0 
 44092 
-39816 
 0 
 350 
 1 
 0 
 44442 
-39816 
 0 
 44200.16 
-39483.13 
 0 
 43808.84 
-39610.27 
 0 
 43808.84 
-40021.73 
 0 
 44200.16 
-40148.87 
 0 
 44442 
-39816 
 0 
 1500 
-2800 
 0 
 1540 
-2767 
 0 
 2400 
-3000 
 0 
 2500 
-2914 
 0 
 5 
 7 
 4 
 1 
 100000 
 15000 
 0 
 0 
 0 
 0 
 0 
 0 
 0 
 0 
 17525.35 
 10890.71 
 0 
 350 
 10 
 0 
-36666.83 
-34397.34 
 0 
-36666.83 
-27458.43 
 0 
-41156.17 
-30014.98 
 0 
-36666.83 
-30014.98 
 0 
-39874.2 
-34032.32 
 0 
-36025.85 
-30014.98 
 0 
-39553.71 
-30014.98 
 0 
-36025.85 
-33667.3 
 0 
 2400 
-3000 
 0 
 2500 
-2914 
 0 
 4 
 7 
 5 
 1 
 100000 
 20000 
 0 
 0 
 0 
 0 
 0 
 0 
 0 
 0 
 36124.74 
-46450.1 
 0 
 350 
 1 
 0 
-31216.02 
-14309.96 
 0 
-36987.32 
 7238.203 
 0 
-44684.03 
 7238.203 
 0 
-44684.03 
-14309.96 
 0 
-39874.2 
-34032.32 
 0 
-36025.85 
-30014.98 
 0 
-39553.71 
-30014.98 
 0 
-36025.85 
-33667.3 
 0 
 2400 
-3000 
 0 
 2500 
-2914 
 0 
 4 
 7 
 4 
 1 
 100000 
 20000 
 0 
 0 
 0 
 0 
 0 
 0 
 0 
 0 
 36124.74 
-46450.1 
 0 
 350 
 1 
 0 
-45325.01 
 7238.203 
 0 
-40835.68 
 7238.203 
 0 
-44684.03 
 28420.65 
 0 
-47250.41 
 28420.65 
 0 
-39874.2 
-34032.32 
 0 
-36025.85 
-30014.98 
 0 
-39553.71 
-30014.98 
 0 
-36025.85 
-33667.3 
 0 
 2400 
-3000 
 0 
 2500 
-2914 
 0 
 4 
 7 
 4 
 1 
 100000 
 20000 
 0 
 0 
 0 
 0 
 0 
 0 
 0 
 0 
 36124.74 
-46450.1 
 0 
 350 
 1 
 0 
-52060.24 
 1029.338 
 0 
-51098.76 
 4681.652 
 0 
-51098.76 
 10159.78 
 0 
-53021.71 
 13812.09 
 0 
-54944.66 
 13812.09 
 0 
-55588.1 
 10159.78 
 0 
-54624.17 
 2855.147 
 0 
-36025.85 
-33667.3 
 0 
 2400 
-3000 
 0 
 2500 
-2914 
 0 
 7 
 2 
 4 
 1 
 100000 
 20000 
 0 
 0 
 0 
 0 
 0 
 0 
 0 
 0 
 0 
-800000 
 0 
 350 
 1 
 0 
 4400 
-800000 
 42452.9 
 4600 
-800000 
 46261.99 
 1000 
-800000 
 50501.89 
-4000 
-800000 
 51218.18 
-8000 
-800000 
 52948.88 
-13000 
-800000 
 54305.54 
-16000 
-800000 
 53276.77 
-18000 
-800000 
 49676.97 
-19000 
-800000 
 39972.17 
-18000 
-800000 
 37036.71 
 10 
 15 
 5 
 1 
 100000 
 15000 
 0 
 0 
 0 
 0 
 0 
 0 
 0 
 0 
 0 
-800000 
 47765.2 
 350 
 1 
 0 
 20000 
-800000 
 34175.96 
 22000 
-800000 
 38347.52 
 22000 
-800000 
 37043.7 
 18000 
-800000 
 42260.04 
-4000 
-800000 
 43133.9 
-20000 
-800000 
 40881.16 
-22000 
-800000 
 37920.37 
-22000 
-800000 
 35447.26 
-20000 
-800000 
 33720.54 
 4000 
-800000 
 32876.37 
 10 
 15 
 4 
 1 
 100000 
 15000 
 0 
 0 
 0 
 0 
 0 
 0 
 0 
 0 
 200000 
-900000 
 37580.68 
 350 
 1 
 0 
 195600 
-900000 
 38196.39 
 195400 
-900000 
 45434.72 
 199000 
-900000 
 50649.12 
 204000 
-900000 
 52155.27 
 208000 
-900000 
 52876.25 
 213000 
-900000 
 55682.5 
 216000 
-900000 
 52543.71 
 218000 
-900000 
 46057.66 
 219000 
-900000 
 40160.53 
 218000 
-900000 
 37855.3 
 10 
 15 
 5 
 1 
 100000 
 15000 
 0 
 0 
 0 
 0 
 0 
 0 
 0 
 0 
 200000 
-900000 
 47161.15 
 350 
 1 
 0 
 220000 
-900000 
 34574.32 
 222000 
-900000 
 35418.43 
 222000 
-900000 
 40408.02 
 218000 
-900000 
 40310.99 
 196000 
-900000 
 38924.29 
 180000 
-900000 
 40555.28 
 178000 
-900000 
 37137.16 
 178000 
-900000 
 34954.5 
 180000 
-900000 
 33101.05 
 204000 
-900000 
 32903.18 
 10 
 15 
 4 
 1 
 100000 
 15000 
 0 
 0 
 0 
 0 
 0 
 0 
 0 
 0 
 300000 
-800000 
 36828.73 
 350 
 1 
 0 
 295600 
-800000 
 41092.75 
 295400 
-800000 
 44325.6 
 299000 
-800000 
 53111.61 
 304000 
-800000 
 51737.41 
 308000 
-800000 
 55096.02 
 313000 
-800000 
 55499.62 
 316000 
-800000 
 50538.04 
 318000 
-800000 
 49112.66 
 319000 
-800000 
 41756.66 
 318000 
-800000 
 40158.56 
 10 
 15 
 5 
 1 
 100000 
 15000 
 0 
 0 
 0 
 0 
 0 
 0 
 0 
 0 
 300000 
-800000 
 48242.89 
 350 
 1 
 0 
 280000 
-800000 
 36078.82 
 278000 
-800000 
 35054.71 
 278000 
-800000 
 38424.81 
 282000 
-800000 
 42358.64 
 304000 
-800000 
 38862.27 
 320000 
-800000 
 39373.54 
 322000 
-800000 
 39160.78 
 322000 
-800000 
 35323.44 
 320000 
-800000 
 37049.75 
 296000 
-800000 
 32765.43 
 10 
 15 
 4 
 1 
 100000 
 15000 
 0 
 0 
 0 
 0 
 0 
 0 
 0 
 0 
 400000 
-700000 
 37445.22 
 350 
 1 
 0 
 395600 
-700000 
 41228.76 
 395400 
-700000 
 45916.47 
 399000 
-700000 
 49217.29 
 404000 
-700000 
 55160.48 
 408000 
-700000 
 56481.49 
 413000 
-700000 
 55754.23 
 416000 
-700000 
 53416.17 
 418000 
-700000 
 48927.35 
 419000 
-700000 
 38840.29 
 418000 
-700000 
 38699.57 
 10 
 15 
 5 
 1 
 100000 
 15000 
 0 
 0 
 0 
 0 
 0 
 0 
 0 
 0 
 400000 
-700000 
 48364.21 
 350 
 1 
 0 
 420000 
-700000 
 37326.49 
 422000 
-700000 
 37556.19 
 422000 
-700000 
 36561.87 
 418000 
-700000 
 37898.04 
 396000 
-700000 
 41767.39 
 380000 
-700000 
 38963.24 
 378000 
-700000 
 39851.5 
 378000 
-700000 
 36746.77 
 380000 
-700000 
 36668.31 
 404000 
-700000 
 34119.13 
 10 
 15 
 4 
 1 
 100000 
 15000 
 0 
 0 
 0 
 0 
 0 
 0 
 0 
 0 
 97002 
-68944 
 37745.89 
 10000 
 1 
 0 
 107002 
-68944 
 25551.1 
 104662.4 
-62516.13 
 25551.1 
 98738.48 
-59095.92 
 25551.1 
 92002 
-60283.75 
 25551.1 
 87605.08 
-65523.8 
 25551.1 
 87605.07 
-72364.2 
 25551.1 
 92002 
-77604.26 
 25551.1 
 98738.48 
-78792.08 
 25551.1 
 104662.4 
-75371.88 
 25551.1 
 107002 
-68944 
 25551.1 
 9 
 15 
 4 
 1 
 100000 
 15000 
 0 
 0 
 0 
 0 
 0 
 0 
 0 
 0 
 106000 
-122000 
 25551.1 
 14000 
 1 
 0 
 120000 
-122000 
 24427.39 
 116724.6 
-113001 
 24427.39 
 108431.1 
-108212.7 
 24427.39 
 99000 
-109875.6 
 24427.39 
 92844.3 
-117211.7 
 24427.39 
 92844.3 
-126788.3 
 24427.39 
 99000 
-134124.4 
 24427.39 
 108431.1 
-135787.3 
 24427.39 
 116724.6 
-130999 
 24427.39 
 120000 
-122000 
 24427.39 
 9 
 15 
 4 
 1 
 100000 
 15000 
 0 
 0 
 0 
 0 
 0 
 0 
 0 
 0 
 145000 
-60000 
 24427.39 
 8000 
 1 
 0 
 153000 
-60000 
 26323.22 
 151128.4 
-54857.7 
 26323.22 
 146389.2 
-52121.54 
 26323.22 
 141000 
-53071.8 
 26323.22 
 137482.5 
-57263.84 
 26323.22 
 137482.5 
-62736.16 
 26323.22 
 141000 
-66928.2 
 26323.22 
 146389.2 
-67878.46 
 26323.22 
 151128.4 
-65142.3 
 26323.22 
 153000 
-60000 
 26323.22 
 9 
 15 
 4 
 1 
 100000 
 15000 
 0 
 0 
 0 
 0 
 0 
 0 
 0 
 0 
-80.65 
 28.625 
 26323.22 
 8000 
 1 
 0 
 27257 
-11223 
 0 
 30998 
-21378 
 0 
 20576 
-61996 
 0 
 14697 
-63599 
 0 
 18973 
-35808 
 0 
 137482.5 
-62736.16 
 26323.22 
 141000 
-66928.2 
 26323.22 
 146389.2 
-67878.46 
 26323.22 
 151128.4 
-65142.3 
 26323.22 
 153000 
-60000 
 26323.22 
 5 
 2 
 2 
 1 
 100000 
 0 
 0 
 0 
 0 
 0 
 0 
 0 
 0 
 0 
